b0,sigma,lp__,Model,bd15,bd30
0.6095888597902313,0.13177064151373655,40.20487210289875,C1,NA,NA
0.6268962314250152,0.10270576560815073,42.33016273390141,C1,NA,NA
0.6490763588917617,0.09759728823450312,40.36675655278265,C1,NA,NA
0.6341552140479503,0.1130697916366454,42.182633654868724,C1,NA,NA
0.6253918305485948,0.11255991090398898,42.766884790176555,C1,NA,NA
0.6446800296624579,0.10232154170338112,39.814686334898695,C1,NA,NA
0.654091756575549,0.09946753321266696,41.20098444894105,C1,NA,NA
0.6286474064867191,0.12382665920813245,40.59974718525858,C1,NA,NA
0.66618376947554,0.1399410498315397,36.587805147293686,C1,NA,NA
0.6238054814282027,0.09846684081277712,40.90277007874146,C1,NA,NA
0.6473317351479742,0.1014910026608388,42.10594168329988,C1,NA,NA
0.6440509258974554,0.10873878210245949,42.06057506769877,C1,NA,NA
0.5998544304340526,0.09666720632371716,42.77517108097606,C1,NA,NA
0.5862640285133915,0.09693518476330577,42.4676556762697,C1,NA,NA
0.6258354194201394,0.1188034608163511,42.07836896652507,C1,NA,NA
0.6272825543975,0.08788020088754578,42.062721110609274,C1,NA,NA
0.6050690981350576,0.1191903114899069,40.21472082470898,C1,NA,NA
0.6226986633133572,0.10584063921415475,43.068993033562144,C1,NA,NA
0.6445600642154589,0.11727268173893411,40.78534751098331,C1,NA,NA
0.606658089260823,0.12416536536994621,41.218222622886465,C1,NA,NA
0.6441471132143092,0.10941905087706527,41.552119280464666,C1,NA,NA
0.604026975388286,0.1150760610282146,42.525085982920395,C1,NA,NA
0.5892842075487685,0.12204576237330891,41.101258379827755,C1,NA,NA
0.6271394250053031,0.078839144685498,37.79920877821145,C1,NA,NA
0.5967595170193207,0.09116350845663801,42.39617285830466,C1,NA,NA
0.6067671868853229,0.0897888034308053,42.6507139331806,C1,NA,NA
0.6149208782957016,0.09491618432768552,42.72958060112673,C1,NA,NA
0.5894611021900662,0.10395378777275988,42.520179184505125,C1,NA,NA
0.608439961758908,0.10614597255183654,37.696084635092376,C1,NA,NA
0.6496827185168726,0.10605825081199008,41.1813400599645,C1,NA,NA
0.6070529031935987,0.0928854820921011,39.17556050826943,C1,NA,NA
0.6018093793483194,0.09011801488969733,41.733703995871416,C1,NA,NA
0.6394573324070726,0.10141375296085602,42.62430272465833,C1,NA,NA
0.6271787381947579,0.10894228419710424,43.010594537458054,C1,NA,NA
0.6555575335204814,0.12232750101521943,39.83289980157754,C1,NA,NA
0.6482761614433491,0.11784171485580426,40.491278657421894,C1,NA,NA
0.6237018914374407,0.11188065229306132,42.529714419317635,C1,NA,NA
0.6344856408885762,0.12247207315717434,41.161275337714024,C1,NA,NA
0.6096267833479633,0.09884531458429505,42.53231616277055,C1,NA,NA
0.58089021224085,0.08695779379910047,37.804441261579285,C1,NA,NA
0.5674494022858265,0.13079711480461914,37.159616920289885,C1,NA,NA
0.6223468789348029,0.09552259163367766,42.78311707772158,C1,NA,NA
0.6124684577969203,0.10026342445000794,42.95830759598743,C1,NA,NA
0.629707960383541,0.0941836225652038,42.8625264764459,C1,NA,NA
0.6213361110801187,0.09541234217250073,42.57083885595763,C1,NA,NA
0.5975199676082292,0.08659940336559671,41.979589174196924,C1,NA,NA
0.6091294784569965,0.10050136538316186,43.34764176088532,C1,NA,NA
0.6144817934903881,0.0900988702113587,42.63172714516699,C1,NA,NA
0.6321389226333933,0.11597230620302884,41.666684184953915,C1,NA,NA
0.5944362738574388,0.11165944565434699,42.46438710800425,C1,NA,NA
0.6340840562468318,0.10733874425587772,42.823839588722784,C1,NA,NA
0.5754606922921564,0.08478724151366085,39.75765960893007,C1,NA,NA
0.6005880307533824,0.07351788338180526,37.180653836792345,C1,NA,NA
0.6053172804457183,0.08916129504788126,42.622900595995134,C1,NA,NA
0.6127878254077664,0.09574446338752735,42.24121713293971,C1,NA,NA
0.6238787550400762,0.1132885601530248,42.275251284094416,C1,NA,NA
0.6139113335695556,0.10515170372667818,43.001108178407875,C1,NA,NA
0.6391719793445299,0.11539377221260554,40.86736601339775,C1,NA,NA
0.6123085333797844,0.09874044646413573,42.356020679494804,C1,NA,NA
0.5920913892803512,0.10189841266879629,42.55062624286106,C1,NA,NA
0.6960571342834013,0.12419573428314118,35.66450278802855,C1,NA,NA
0.5914256476114274,0.10076806934923714,42.91233433734268,C1,NA,NA
0.5629956939742887,0.09109728480843354,39.43793981760639,C1,NA,NA
0.601020599806969,0.11181860734951413,40.756630097573954,C1,NA,NA
0.5898070968606246,0.10058652873334181,42.8261687965014,C1,NA,NA
0.6451956747347444,0.1098140514628603,42.03085507754798,C1,NA,NA
0.6108938721569344,0.0926674496121899,43.079622758073114,C1,NA,NA
0.6112276511378059,0.10504644399454767,43.39944288321913,C1,NA,NA
0.6213196820759904,0.1083359141251381,42.93797982281068,C1,NA,NA
0.6358758836051267,0.09765839010524244,42.60040436357562,C1,NA,NA
0.6226760422703529,0.0892945555499681,42.51518928664316,C1,NA,NA
0.6110182815950711,0.0891373279559465,42.095288478817125,C1,NA,NA
0.5933526295928565,0.1064646406902703,42.08233932966066,C1,NA,NA
0.6110390712926005,0.08555312784008046,40.40861698007758,C1,NA,NA
0.6045273856695947,0.10839354980974854,43.09590681816108,C1,NA,NA
0.6250775069682809,0.09448762629712118,43.115770816182284,C1,NA,NA
0.601379046774405,0.08541030510450263,41.33669927277004,C1,NA,NA
0.5787705673216074,0.08886586940439943,39.96129965463465,C1,NA,NA
0.6391755823930563,0.09999508192010924,42.66491871777083,C1,NA,NA
0.5948747281779736,0.07474455932479518,37.61516735772855,C1,NA,NA
0.6119016494505924,0.09524710816980736,41.85841223361707,C1,NA,NA
0.6058723738448698,0.09392361310184202,42.868453074148476,C1,NA,NA
0.6305620550292201,0.1218218219785818,41.00913607455501,C1,NA,NA
0.6012877157720182,0.088884754832030885,42.042298006845535,C1,NA,NA
0.6208941710752878,0.11510313241748571,42.52769233375838,C1,NA,NA
0.6249104330640187,0.15153408837044222,36.74098407813449,C1,NA,NA
0.6275043323147225,0.12186177701699266,39.97102480870541,C1,NA,NA
0.6052886362067781,0.09994769786856873,42.4037200691839,C1,NA,NA
0.6362620513049466,0.08925117100337268,39.462887473529165,C1,NA,NA
0.6182317893723139,0.08971973207242452,42.77280481136683,C1,NA,NA
0.5965457027831037,0.09475105821945337,42.92016313019978,C1,NA,NA
0.5965510799077303,0.09428629317656723,41.88694243838594,C1,NA,NA
0.6239130431084108,0.10320169444856629,43.203899964944014,C1,NA,NA
0.6390065890716096,0.09598899503900996,41.58182532683554,C1,NA,NA
0.6236456820447132,0.1053171877171785,40.314056273675206,C1,NA,NA
0.6447030205190184,0.08861394778343032,39.9403225723628,C1,NA,NA
0.6390310186124797,0.10678267222527753,42.57347977229173,C1,NA,NA
0.5856078475690596,0.08838913463278668,40.85521703848755,C1,NA,NA
0.6020578636377979,0.09860216012322162,43.31642092131556,C1,NA,NA
0.6246144888096835,0.10743440573360877,43.022742760205475,C1,NA,NA
0.6115029106953757,0.09122358790292662,42.586302869704504,C1,NA,NA
0.6354644141249758,0.10049856070819282,42.89995685871689,C1,NA,NA
0.6004919382200253,0.09989450531153272,43.125521709523184,C1,NA,NA
0.6126560449014391,0.11770961948541875,41.26620379351174,C1,NA,NA
0.5725783256130766,0.09433034240377461,40.47304072613035,C1,NA,NA
0.6135566868882164,0.09245675411249314,42.99727287198205,C1,NA,NA
0.6458716930810674,0.10942413635326982,40.644987438070146,C1,NA,NA
0.576721576278268,0.10406893249176713,41.836147434819615,C1,NA,NA
0.6438115184197514,0.09503669985207533,41.53172471503676,C1,NA,NA
0.5855625307255586,0.09267553953899982,41.880418909549306,C1,NA,NA
0.6072099646396109,0.0762504967680279,38.32545836675839,C1,NA,NA
0.649770310907489,0.0972493157763999,41.5326879137505,C1,NA,NA
0.600607767918921,0.09837879223504363,42.81724641333526,C1,NA,NA
0.627961324148274,0.09476739561928808,42.17613333101541,C1,NA,NA
0.5873714591679464,0.10275265643409305,42.667924130411436,C1,NA,NA
0.6169848382330883,0.09260321977597408,43.12254776957528,C1,NA,NA
0.6250210352094014,0.10814613061065323,43.05246861925031,C1,NA,NA
0.6655404221456804,0.10646551863871531,36.10333250586828,C1,NA,NA
0.6122344340628789,0.10479162387423953,41.99953192823304,C1,NA,NA
0.6255396397468184,0.10802268917864072,43.112439270959214,C1,NA,NA
0.6086239987100812,0.09934435386688907,42.19056689763814,C1,NA,NA
0.5993423869744633,0.10327236753950267,40.66270815279331,C1,NA,NA
0.6019860148597777,0.10244448568332912,43.22307856603905,C1,NA,NA
0.6076818729844875,0.09142270466558725,42.27526022740424,C1,NA,NA
0.592311261291611,0.11016898783662993,41.46112628977308,C1,NA,NA
0.629977294151665,0.12478527611734998,41.114484684029826,C1,NA,NA
0.6269552217771278,0.09487927207741789,43.07098975136169,C1,NA,NA
0.6071412884684196,0.11586080782947888,40.54331754225808,C1,NA,NA
0.6138159576100851,0.09228051034175522,42.91522742731258,C1,NA,NA
0.6070249981308147,0.11920157325670497,42.10030579532982,C1,NA,NA
0.6551436201624097,0.09281078145219933,39.946311579750756,C1,NA,NA
0.5991962447465522,0.09236302322964599,42.64016322935828,C1,NA,NA
0.5936180300689007,0.11643641747594974,41.16972177393079,C1,NA,NA
0.6258955615161221,0.08860289291728257,42.332333344729626,C1,NA,NA
0.6351040881287521,0.12975878236223284,40.13555192532221,C1,NA,NA
0.5969294620045269,0.11528087471162604,42.239143997518624,C1,NA,NA
0.6203123100662026,0.09763954636293372,43.01973112268779,C1,NA,NA
0.6376971835674893,0.11022904611005535,42.516199464136776,C1,NA,NA
0.6440551230339081,0.10109428903000846,42.35745582557319,C1,NA,NA
0.6303054578502296,0.11359374621604229,42.249928018854646,C1,NA,NA
0.631563823535424,0.10756336553177565,42.11596953863466,C1,NA,NA
0.6051935735500378,0.10606497618631895,43.2042388814512,C1,NA,NA
0.6263941569455199,0.09622860448645401,43.059503576749,C1,NA,NA
0.6145419841763076,0.08170268037090159,40.597327939367155,C1,NA,NA
0.5929065138502643,0.08517486336404088,40.26485200523146,C1,NA,NA
0.5984346910941701,0.11414947800481355,42.48185657363587,C1,NA,NA
0.6333841219342002,0.09896677692274045,42.9018895421348,C1,NA,NA
0.61597368704338,0.10808918592496435,43.18044137942752,C1,NA,NA
0.6132325629207853,0.11759260185678436,42.37642521508536,C1,NA,NA
0.5870000706689242,0.08568241619195144,40.73107632899359,C1,NA,NA
0.6406977128093339,0.09399118342665402,42.15375780143552,C1,NA,NA
0.5807722438119698,0.10780138088032021,41.34989849302019,C1,NA,NA
0.5963581942438336,0.1082455962021961,40.1898049109652,C1,NA,NA
0.5898612742693663,0.0966202422358222,42.67843525048797,C1,NA,NA
0.6203667333138029,0.1102896969586037,42.9614472186783,C1,NA,NA
0.6146437151638467,0.13020127054943195,39.33060527400504,C1,NA,NA
0.5837056630187001,0.11391091448220855,41.79201054428948,C1,NA,NA
0.650572106091441,0.09884563642824887,41.48987324886886,C1,NA,NA
0.6258579381444506,0.11482179871872757,42.490461497903446,C1,NA,NA
0.6242385651174037,0.10360089597468598,42.68671700538279,C1,NA,NA
0.6086315993376965,0.11393755971300334,42.05115475801273,C1,NA,NA
0.5983610692944912,0.11757584084823484,42.064896682693,C1,NA,NA
0.616765132684931,0.10134058985218429,42.65089394446541,C1,NA,NA
0.5767401927710792,0.10502745592181921,41.2101752894927,C1,NA,NA
0.6174335624428897,0.08726742182460884,42.267355386032065,C1,NA,NA
0.5931877669576109,0.11281836888337803,42.205858597226076,C1,NA,NA
0.5917465809878535,0.1007417255855049,42.77765106491097,C1,NA,NA
0.642111454724259,0.1115701373895378,41.954291628485635,C1,NA,NA
0.6095650580080989,0.09808731626359687,43.480602774425506,C1,NA,NA
0.6181427254708757,0.10422434444794174,43.383758027073284,C1,NA,NA
0.635751080373356,0.09583276699180575,42.69107506577232,C1,NA,NA
0.5871902928001353,0.0986285915731533,41.832059196167314,C1,NA,NA
0.5871091880746693,0.09703026051907632,41.95465527084048,C1,NA,NA
0.6289087742663286,0.0930029083616348,41.7055684454527,C1,NA,NA
0.6045404926159864,0.1257566011235858,40.821718345274974,C1,NA,NA
0.6145600689211159,0.13683446684962638,38.496214969815824,C1,NA,NA
0.5963567770944824,0.09721520625334937,42.190203802249705,C1,NA,NA
0.6401964476781202,0.11660840333161711,41.868191594463056,C1,NA,NA
0.6408650929071192,0.1000524716013646,41.05064089640451,C1,NA,NA
0.6087332359743793,0.12261909962669662,41.28473046978044,C1,NA,NA
0.5918246294480276,0.11874435444969308,41.717015935834766,C1,NA,NA
0.5996026701347802,0.10149676131941243,43.139594665633325,C1,NA,NA
0.6077298100744768,0.0956109723753574,43.242639719881446,C1,NA,NA
0.6004514078653423,0.09939157313255108,43.25857974133807,C1,NA,NA
0.6256434906564721,0.09955156555692657,43.280631183804,C1,NA,NA
0.6313881672153098,0.1270292410094664,40.90178706311246,C1,NA,NA
0.605497069274671,0.10396979967556742,43.153616950654474,C1,NA,NA
0.6042190156209194,0.11530069968737852,41.793340285322785,C1,NA,NA
0.6155667729273662,0.08839223214517666,42.49222953132018,C1,NA,NA
0.6383995854971631,0.10344623906384473,41.652313580702426,C1,NA,NA
0.6162322321769875,0.10101183442322417,43.17709160067756,C1,NA,NA
0.6061320675205943,0.1119190221147575,42.765978610987325,C1,NA,NA
0.6223813091785675,0.11935653671476693,42.044382841299154,C1,NA,NA
0.6273709548090464,0.09810520559173051,41.784755665878244,C1,NA,NA
0.5988099247267794,0.09867818835635937,43.01929239604067,C1,NA,NA
0.5784196501535882,0.09487946899165904,39.31603910725754,C1,NA,NA
0.5941518432694475,0.0975202746114877,42.588958979769416,C1,NA,NA
0.6314220295685664,0.09559746782363675,42.880011841222476,C1,NA,NA
0.6042482168817833,0.10939681196137033,42.672342182035486,C1,NA,NA
0.6259562954160014,0.10459065394998099,42.76975830834573,C1,NA,NA
0.5759008919246587,0.08801630395805568,39.936333454933575,C1,NA,NA
0.6349716702012133,0.11342270259693364,39.63690386539575,C1,NA,NA
0.6074374823217115,0.10905263320048958,43.14336822475553,C1,NA,NA
0.6330989233740207,0.09890491350909414,41.01561631882003,C1,NA,NA
0.5911270664511449,0.11540417274388112,41.313372732776394,C1,NA,NA
0.6177691621966839,0.11886278778059453,41.97879120327772,C1,NA,NA
0.6292824352330456,0.11018971536611478,42.21975338620203,C1,NA,NA
0.6028978530097113,0.11557557859561446,42.46348746619032,C1,NA,NA
0.5818261572726735,0.10200561815060975,42.28180773469496,C1,NA,NA
0.643166885983143,0.11008751333999188,41.706878490893544,C1,NA,NA
0.604913104435499,0.09234491057080364,43.06013095799712,C1,NA,NA
0.6424158154505129,0.09899740553907083,42.27995978991447,C1,NA,NA
0.6125105297859417,0.09277160684504347,42.952287837679926,C1,NA,NA
0.6177892091110723,0.08895072978166124,39.59338218837477,C1,NA,NA
0.6116697709087917,0.0893463377443249,41.913054906172675,C1,NA,NA
0.5947556004490172,0.10322468993229017,42.24448509194443,C1,NA,NA
0.6307472123945803,0.09581764568110733,42.04410803835926,C1,NA,NA
0.6182892385546712,0.11777855852955134,42.09614273323554,C1,NA,NA
0.5827906778140076,0.10090478654515624,41.09684948855707,C1,NA,NA
0.6179430096954202,0.09527457379907449,42.800480175902266,C1,NA,NA
0.6202342709166335,0.12107548757259856,41.911650764741836,C1,NA,NA
0.5906440785952279,0.13051978217624846,39.987413978693674,C1,NA,NA
0.689402748047747,0.10508086269442879,36.32025314271948,C1,NA,NA
0.6242707202209764,0.10204059851900152,41.80909301004182,C1,NA,NA
0.6264547678576197,0.10748773198708603,43.11284172581118,C1,NA,NA
0.6120997501788947,0.09311872591439938,42.87405338801416,C1,NA,NA
0.6170930634124138,0.09672648841843899,43.404662046911255,C1,NA,NA
0.5988127027043464,0.08689265202587693,41.20903123850859,C1,NA,NA
0.6160721246640567,0.10800508659919211,42.4572407092287,C1,NA,NA
0.5904697757354715,0.12664366981925712,39.1853509780246,C1,NA,NA
0.6097433609814822,0.09571012930061336,41.60303290619908,C1,NA,NA
0.5905417164644037,0.10823920164065728,42.17198445356991,C1,NA,NA
0.5893240464885254,0.09943183070157074,41.27306725225343,C1,NA,NA
0.6427619759865568,0.10945305553194107,41.50595573013517,C1,NA,NA
0.600769970695686,0.1003506529564615,43.310744384349505,C1,NA,NA
0.6091738242682503,0.08746225081128746,42.45280954047619,C1,NA,NA
0.5906898445506713,0.09741930055572423,42.814476539407266,C1,NA,NA
0.6154076517600646,0.09089914142220586,42.91641695384961,C1,NA,NA
0.5800013703554933,0.12825262137714571,38.83401254062748,C1,NA,NA
0.6411543009296705,0.11547757899446914,41.927442544485714,C1,NA,NA
0.6163902465502007,0.0972493789482834,43.077492090646906,C1,NA,NA
0.6088987804715109,0.11866475712797511,41.576184255988444,C1,NA,NA
0.5840863698993494,0.10752719133568367,41.893691975497816,C1,NA,NA
0.6092004957655541,0.10103661533302458,43.38842534135572,C1,NA,NA
0.605539569004397,0.09855167979546495,43.41600200880982,C1,NA,NA
0.5951054147846718,0.11045213922599979,42.690934995243985,C1,NA,NA
0.6084266228675113,0.09085883002778389,42.87857354068508,C1,NA,NA
0.5956488249709809,0.1351090893808041,38.9945942925098,C1,NA,NA
0.6141326858772105,0.09577527877243938,43.19883874524616,C1,NA,NA
0.6232692976592312,0.09677413303084031,43.22162173888662,C1,NA,NA
0.6003570303836178,0.09757737616458236,42.81491302045204,C1,NA,NA
0.5842441031644404,0.08645452336062259,40.98751777787202,C1,NA,NA
0.6169009098510594,0.10316709329197507,43.21471353661888,C1,NA,NA
0.6165314517136101,0.09476141258715097,43.05211271175985,C1,NA,NA
0.586319403547352,0.0900361820137406,41.76481174899077,C1,NA,NA
0.6072171016800719,0.08710239159091539,42.0213939109893,C1,NA,NA
0.634502505021888,0.11673467059479037,42.05598780322456,C1,NA,NA
0.6161836403466188,0.10751267331191436,43.059814429506645,C1,NA,NA
0.6105042154892809,0.09570435701224003,42.71935813257227,C1,NA,NA
0.5898599886492084,0.10604238822029043,42.35278030792979,C1,NA,NA
0.6709091511023452,0.10206968317148563,39.116358841643354,C1,NA,NA
0.5990321808399436,0.11852097874057575,40.87295718015742,C1,NA,NA
0.6167864114884356,0.10005142605266434,43.43666019691712,C1,NA,NA
0.5851338171979621,0.10272163588838629,42.115819822619414,C1,NA,NA
0.6252074487812396,0.10097026508323576,42.86514207009987,C1,NA,NA
0.5958261888649343,0.11497420129382521,42.30452537106894,C1,NA,NA
0.6107126624235071,0.09270119877434742,41.658269453604234,C1,NA,NA
0.6164758388321694,0.09798951434952599,38.813128022322644,C1,NA,NA
0.6323925417123432,0.09830487550773057,42.69444834293269,C1,NA,NA
0.5870942630535628,0.09845948833635645,42.02957646130587,C1,NA,NA
0.591295113958432,0.10779386560821075,40.672653828998364,C1,NA,NA
0.5988584564486138,0.0806062030384746,40.29117863481783,C1,NA,NA
0.596328184974249,0.09998978561787263,43.087634316495006,C1,NA,NA
0.599459868235862,0.11483837093558145,42.250866700015635,C1,NA,NA
0.649217275974294,0.11049504259817583,40.459797412672444,C1,NA,NA
0.6109641527483992,0.11873656982000111,42.169745455097406,C1,NA,NA
0.5840538080778391,0.08700607046486111,41.03545603550998,C1,NA,NA
0.5979100754302752,0.11016874830150483,42.65719819342974,C1,NA,NA
0.5961418159596004,0.12349858366027475,41.27427558720047,C1,NA,NA
0.617245879668618,0.10028506791051468,42.89721132085191,C1,NA,NA
0.6168508642252615,0.10795224921700511,43.132696309726384,C1,NA,NA
0.6314106863771856,0.09318938812525775,42.60078212315739,C1,NA,NA
0.5915487661878855,0.09543987337647314,41.155760845136456,C1,NA,NA
0.596184954075991,0.1286370275221681,40.49206557189488,C1,NA,NA
0.5934997935182066,0.1183514897976308,41.49298859780004,C1,NA,NA
0.6347124215021136,0.09266904450642767,42.27274204856947,C1,NA,NA
0.6260678711289761,0.09446034336878681,42.99045678229045,C1,NA,NA
0.5940459751414574,0.09238484844811849,41.07824962225642,C1,NA,NA
0.6367844936262833,0.10080727293205977,41.03788599068641,C1,NA,NA
0.6259983944378952,0.09187965028063157,42.73939974132129,C1,NA,NA
0.605356468844167,0.10069183003269222,43.26667118530779,C1,NA,NA
0.5611299220378418,0.09588428140839754,37.76101680959701,C1,NA,NA
0.6337895962163907,0.0968463418810793,40.990289178378234,C1,NA,NA
0.5889015538936836,0.10270550299541129,42.15728501513587,C1,NA,NA
0.5967236002405465,0.12650074852104584,40.79327463320887,C1,NA,NA
0.6502317136067725,0.09925424415708282,41.20495446486084,C1,NA,NA
0.6330222131880807,0.10167803905508185,43.029759350200884,C1,NA,NA
0.5992453500277066,0.11008804130039311,42.78416883458944,C1,NA,NA
0.6222065249773363,0.10992045216710408,43.065679397039574,C1,NA,NA
0.6419043447587112,0.09814587270196395,42.11626745272616,C1,NA,NA
0.6276629407969813,0.11261119797093097,42.72395975872725,C1,NA,NA
0.5818989666540951,0.09185631539570498,41.46384443323874,C1,NA,NA
0.606736892137657,0.084920895117424,40.65226633355341,C1,NA,NA
0.5681022839360947,0.09708659907146738,40.79084947269981,C1,NA,NA
0.5889639122099339,0.10185067168217968,42.5338616353064,C1,NA,NA
0.6589219464550649,0.11331753224974726,40.816613876190694,C1,NA,NA
0.6415975065285182,0.10117527548878777,42.31680489302371,C1,NA,NA
0.5809434181950125,0.08403014073336755,40.01517000356586,C1,NA,NA
0.642606810829249,0.10510219133232851,42.35476238849889,C1,NA,NA
0.631891453899574,0.1165287994013036,41.215224837585986,C1,NA,NA
0.6039773293500109,0.09064060643192437,42.55232293779495,C1,NA,NA
0.6054013270563771,0.09583762752150143,43.337973222063546,C1,NA,NA
0.6231583346622497,0.0936329080209053,41.45598550405499,C1,NA,NA
0.5876847242240076,0.09368871819297472,42.20615457517629,C1,NA,NA
0.6148639160955192,0.13012849146004013,40.33894956923824,C1,NA,NA
0.579674531827129,0.10410000259821231,42.081726388662645,C1,NA,NA
0.6045296721794828,0.11852671208352888,42.1224661372386,C1,NA,NA
0.6152281119245596,0.10347658387127036,43.473968563874486,C1,NA,NA
0.5983859508404151,0.10033612970890926,42.59826729760478,C1,NA,NA
0.5775483074171193,0.09647871729040372,41.220753613871935,C1,NA,NA
0.6287523725308078,0.0892891439813675,41.86373590297286,C1,NA,NA
0.6048798737070618,0.08699633284223975,42.21881457381912,C1,NA,NA
0.6631310715908938,0.09616783299579168,40.01202230923234,C1,NA,NA
0.6183333658670064,0.10498285809600645,43.10759286882794,C1,NA,NA
0.5737008279519551,0.09862729884696733,41.13872466761951,C1,NA,NA
0.5806026783781164,0.09124220878544623,41.28903784940018,C1,NA,NA
0.6144186034529059,0.10267385219377699,41.979661433129024,C1,NA,NA
0.6243322223619394,0.11111959199711371,42.43053876089042,C1,NA,NA
0.6451466344889545,0.09013313018562578,40.69224407935637,C1,NA,NA
0.6160111636943753,0.07975107435474928,40.259713953491925,C1,NA,NA
0.6150871892315563,0.10676702300402346,43.337903301758374,C1,NA,NA
0.61259685960922,0.10959028082864494,42.901031597182914,C1,NA,NA
0.6488353901984351,0.10592198776075418,41.88048413298669,C1,NA,NA
0.5903780807676815,0.08712391235190795,40.186285423029425,C1,NA,NA
0.5919714567988962,0.11957128648561904,41.513871516052035,C1,NA,NA
0.6269525900354953,0.10731894848198198,41.28346211622229,C1,NA,NA
0.624030529460428,0.08767785629442715,42.24036384610291,C1,NA,NA
0.6297353783362959,0.10579686474069894,43.056899119189055,C1,NA,NA
0.6087618864258676,0.09451805495604071,42.66723223983589,C1,NA,NA
0.6099153524663414,0.10165316651236109,43.305298084083404,C1,NA,NA
0.5975438280433026,0.0943426113069857,42.934070829505814,C1,NA,NA
0.617655279027952,0.09532978610023593,43.33913012898757,C1,NA,NA
0.6043486131458199,0.11378733977437977,42.6299801588695,C1,NA,NA
0.6594491463558103,0.10560709303894826,40.777855954824446,C1,NA,NA
0.6121000745994774,0.0846294676166128,41.161729340976976,C1,NA,NA
0.6365100459368325,0.08847660748000231,40.70361391572327,C1,NA,NA
0.6182088666524002,0.10009478787775991,43.24884315776631,C1,NA,NA
0.5981720324242316,0.11528901853467687,41.63311297304866,C1,NA,NA
0.62639284994675,0.10734695463131166,43.04687843624119,C1,NA,NA
0.6365756698206188,0.10481526590190801,42.695398402748346,C1,NA,NA
0.609388226502278,0.09222683557641256,42.566126209757414,C1,NA,NA
0.5982339326174032,0.09416940573420747,42.65818424909777,C1,NA,NA
0.6185511503423436,0.09015289019314046,42.507114424274484,C1,NA,NA
0.6223231376194266,0.11440582729813595,42.1104415414036,C1,NA,NA
0.596110335570309,0.12153901755444732,41.53942212280357,C1,NA,NA
0.6271783883875892,0.11147574943564303,42.83339592542379,C1,NA,NA
0.6114600534165106,0.09293635923152205,43.060515512613584,C1,NA,NA
0.5980167483137391,0.09758599277156733,42.8301402143992,C1,NA,NA
0.6118553880680208,0.09521692952620286,43.33774900049646,C1,NA,NA
0.6081548897427326,0.09299586433788712,41.71735974641474,C1,NA,NA
0.6143538759646799,0.0983096116174165,42.80258077492891,C1,NA,NA
0.5689590509102339,0.1194449252753574,38.617153252018134,C1,NA,NA
0.6018399035353216,0.10504814014798412,43.139208495722826,C1,NA,NA
0.6151996725069775,0.10614253026258544,42.97031212348076,C1,NA,NA
0.6024565709533733,0.09825165327404488,43.104097434302204,C1,NA,NA
0.6295100374441414,0.0932723777360435,42.817604801966205,C1,NA,NA
0.6169176038002028,0.10849353382536717,43.20390029385728,C1,NA,NA
0.6681833544885023,0.11161407549610777,39.90500280819806,C1,NA,NA
0.632859409254786,0.10026845072336976,42.75998599425689,C1,NA,NA
0.6018274047662447,0.10895378952181135,42.95087337691171,C1,NA,NA
0.5831685425719947,0.08315367975442137,38.85430537183205,C1,NA,NA
0.6099672013319226,0.09579719118170198,43.20819174040338,C1,NA,NA
0.6345559724003107,0.0876949656885314,41.28026975682293,C1,NA,NA
0.6088023644032784,0.0839813271782608,40.52379650659053,C1,NA,NA
0.593943065302109,0.09116286932336687,42.51792942498182,C1,NA,NA
0.5882481193966438,0.10694426479657426,42.44132684558669,C1,NA,NA
0.5856322500283416,0.11093797748978787,40.038101302321564,C1,NA,NA
0.6282636205746175,0.10229196335101526,43.08213101861743,C1,NA,NA
0.6214883513836683,0.10634150730428674,43.26099865538344,C1,NA,NA
0.6165049848752167,0.11865936119775206,42.214351733043415,C1,NA,NA
0.6296823396308233,0.11799860693502405,41.89376805176929,C1,NA,NA
0.66533181142642694,0.09836630502772863,39.60966905390835,C1,NA,NA
0.6097740822545912,0.0946127494809975,43.272484019273456,C1,NA,NA
0.5884998606997589,0.09913694673372156,40.12711370368453,C1,NA,NA
0.6018219774834869,0.09657772018487236,43.11551450203345,C1,NA,NA
0.6187971913542587,0.0918126423520739,42.94288920785823,C1,NA,NA
0.6207736878613292,0.09335191713964586,41.77491646290915,C1,NA,NA
0.6110965920192034,0.09343612803885046,43.108968397897364,C1,NA,NA
0.619402931869167,0.11262211061831716,42.38992180025621,C1,NA,NA
0.6065441675308872,0.08531666608080501,41.63622734885316,C1,NA,NA
0.6425596630227826,0.0949961788102411,42.13832356959575,C1,NA,NA
0.6342596741009437,0.09749152461456365,42.77832295084484,C1,NA,NA
0.5996585102712256,0.09837682489917485,43.268277791385046,C1,NA,NA
0.6108934941930544,0.10877959867746222,42.88085681966249,C1,NA,NA
0.6418426135264677,0.113026396903894,42.08024354347367,C1,NA,NA
0.6069047686944214,0.09849198024005784,43.45467728064146,C1,NA,NA
0.6203022408325035,0.09528202611837322,42.91371712842312,C1,NA,NA
0.6225570697662911,0.09971103372289913,43.0414311412303,C1,NA,NA
0.6015311605838156,0.09985121084955355,42.83044204992285,C1,NA,NA
0.5756802421692299,0.088627054547816,40.065825216540745,C1,NA,NA
0.5936656746376126,0.10074907413732317,41.858863688144,C1,NA,NA
0.5934168614335171,0.111655237279928,42.129021751543036,C1,NA,NA
0.6644914617773554,0.10838162558188542,39.54693026388656,C1,NA,NA
0.6123303892935834,0.08237639003596528,40.45247247150122,C1,NA,NA
0.6209011699761028,0.11083673052306355,43.003150973445216,C1,NA,NA
0.5964024059299409,0.0911013305371347,41.612282662304516,C1,NA,NA
0.5946400827790806,0.11575870963040476,40.93144424593549,C1,NA,NA
0.615710427579849,0.11218371559275701,42.93267630304254,C1,NA,NA
0.6484054253981287,0.10956318104254226,39.69417214693754,C1,NA,NA
0.6295608720312346,0.10494967206231949,42.799034131607584,C1,NA,NA
0.6323347106473899,0.11666122480924063,40.39481977913373,C1,NA,NA
0.5993423869744633,0.10327236753950267,40.66270815279331,C1,NA,NA
0.654789103257458,0.12072451736620055,40.44722680004651,C1,NA,NA
0.6183702190219158,0.10162382891921493,43.30725308128413,C1,NA,NA
0.602206657942427,0.11675294587174634,41.93094452907256,C1,NA,NA
0.6149851662747962,0.13240636811215475,40.054859207697106,C1,NA,NA
0.6479701148690891,0.1150145449472366,41.53373045682438,C1,NA,NA
0.6097901401258553,0.08514236670772402,41.45726750901,C1,NA,NA
0.6029071651449184,0.09862130116144505,42.70017999399257,C1,NA,NA
0.6163861154222368,0.08587737983257698,42.10991602541354,C1,NA,NA
0.6272469235443124,0.10149395669269323,42.5848680722108,C1,NA,NA
0.6091843091209372,0.10591146659826925,42.85935098093088,C1,NA,NA
0.59973143590777,0.08979122395836259,42.44311926337255,C1,NA,NA
0.5924312067200344,0.0917813129671243,42.02707153079475,C1,NA,NA
0.6441670111349492,0.09791404768447885,41.97264104242758,C1,NA,NA
0.625063235484142,0.1091310919920438,43.06210259781997,C1,NA,NA
0.6142477995456359,0.08985022834015854,41.646397820757066,C1,NA,NA
0.5964455966666985,0.10192360835561416,43.14752675241406,C1,NA,NA
0.6139212866481305,0.09061160902837784,42.94044444686764,C1,NA,NA
0.6185629604760878,0.10757710487117168,43.2329474143293,C1,NA,NA
0.619995908762233,0.1052730329590021,43.297704739099316,C1,NA,NA
0.6242875786362193,0.0900237960243526,40.34909066165758,C1,NA,NA
0.5806954627888632,0.0938806021871911,41.70568626919561,C1,NA,NA
0.6248086271530873,0.11037080195250973,42.85038140835126,C1,NA,NA
0.6120242338541114,0.11151495556867398,37.72072945484876,C1,NA,NA
0.635085293436867,0.0971308367207782,42.689347364766974,C1,NA,NA
0.6114600534165106,0.09293635923152205,43.060515512613584,C1,NA,NA
0.5998596287492208,0.12916125311101576,40.01016330816846,C1,NA,NA
0.6161804446297001,0.10616534841681868,42.30658494270433,C1,NA,NA
0.6672249694084041,0.10943293598926963,37.503647707468204,C1,NA,NA
0.5867279666457764,0.09184046667446807,42.13719618994141,C1,NA,NA
0.6459290750708768,0.10659277799148795,41.88377798733747,C1,NA,NA
0.6032147030434425,0.10382407915759376,43.15747479072544,C1,NA,NA
0.6422872826793542,0.11580432565107265,41.21671189375766,C1,NA,NA
0.5721723277140971,0.1046436535900065,41.40732478174258,C1,NA,NA
0.5812554485017631,0.10348425605941489,42.22542793014389,C1,NA,NA
0.6269148122778907,0.09250666680749615,42.83660794945932,C1,NA,NA
0.5931397664800075,0.1044429175056908,42.34231733142082,C1,NA,NA
0.6189492640936685,0.11223798124157264,41.35919423534295,C1,NA,NA
0.6144075435363618,0.12120991624051844,39.68474145244784,C1,NA,NA
0.6446411165959535,0.1023031027097985,42.153400639160964,C1,NA,NA
0.5933653169555365,0.11261720054020635,42.32598449862098,C1,NA,NA
0.6018129890277478,0.10679637615712681,42.170037684176506,C1,NA,NA
0.5951714185151382,0.10076148671827215,42.9361772084761,C1,NA,NA
0.5984385334090084,0.08899851557624533,42.09527496342878,C1,NA,NA
0.6284451324182466,0.097950953114746,42.66763019174462,C1,NA,NA
0.6286353908566283,0.1234115133723572,40.35439007096498,C1,NA,NA
0.6177273677007121,0.09248190462370007,43.07111607284523,C1,NA,NA
0.6306814752609855,0.11813298091138215,42.0848570483491,C1,NA,NA
0.629669833293271,0.08434867735274607,40.718292344852344,C1,NA,NA
0.5985711037587673,0.09822415958081364,43.040786614998915,C1,NA,NA
0.5907920506455386,0.10124165694750195,42.800117451986225,C1,NA,NA
0.5972059016220626,0.09122779938137854,42.32682546100358,C1,NA,NA
0.621164152633275,0.11686511390960469,42.42812858793825,C1,NA,NA
0.5753338667855986,0.1032670865870619,41.52545963684439,C1,NA,NA
0.6316242460975137,0.10798198654425897,42.90161838000762,C1,NA,NA
0.593783863314167,0.09167830871863113,42.58302906146133,C1,NA,NA
0.613302197083609,0.11320030016461302,41.390779014237005,C1,NA,NA
0.6237853765250659,0.09692763850746561,43.28059212170045,C1,NA,NA
0.5955899858026222,0.11067793630146781,42.63852776138492,C1,NA,NA
0.6123390551624053,0.1176039195033423,42.01310202763584,C1,NA,NA
0.6054237791241862,0.09677594621443292,42.96383004445436,C1,NA,NA
0.5934227803530745,0.12107919000699391,40.958544789378195,C1,NA,NA
0.6198935561496305,0.07821710399535713,37.916415149279516,C1,NA,NA
0.6035365201679203,0.11297470365666167,39.747856298376625,C1,NA,NA
0.5947556004490172,0.10322468993229017,42.24448509194443,C1,NA,NA
0.5951163500785255,0.10896950564356533,42.55840943739826,C1,NA,NA
0.6091416500865161,0.12159736120890904,41.44708520349612,C1,NA,NA
0.6138073647888349,0.09586082484000032,43.383205911819616,C1,NA,NA
0.6241359123279393,0.09232842248488746,42.17826055057254,C1,NA,NA
0.5808320030576957,0.10771154755203376,41.82997348501974,C1,NA,NA
0.585693644232909,0.10885263381642665,42.08503486211988,C1,NA,NA
0.6044765377794643,0.09905782536397936,43.35624716935523,C1,NA,NA
0.6464625320486923,0.0897474693469638,40.51659244026487,C1,NA,NA
0.5930188742217347,0.11639709096104967,41.91845818006913,C1,NA,NA
0.5776335803990063,0.1066020994506755,41.12969147837727,C1,NA,NA
0.6339208630217283,0.09988759930989716,42.00136802660433,C1,NA,NA
0.604559840617102,0.1087976758514955,42.8163110986199,C1,NA,NA
0.6050746219764325,0.10755954989027844,42.88640073910487,C1,NA,NA
0.640898370624655,0.09832520019569449,42.49286599659696,C1,NA,NA
0.6003188575654976,0.10647981196028525,42.868426878991585,C1,NA,NA
0.6403588622415686,0.11155447975035937,42.189353566568194,C1,NA,NA
0.6303283597559902,0.09461614070172819,42.903242775703426,C1,NA,NA
0.5893674712567053,0.096491236181718,40.087632265995325,C1,NA,NA
0.5790299142926967,0.09930251869832242,42.0096004179094,C1,NA,NA
0.6045793262315456,0.10322144727085218,43.38892715967266,C1,NA,NA
0.6386272224519897,0.11332703664414473,41.946264022510796,C1,NA,NA
0.6200559752888211,0.0952525343619462,40.97195673076186,C1,NA,NA
0.6180831612566166,0.10249902773897329,43.47599145473448,C1,NA,NA
0.5932990820914548,0.10171579058850215,42.83798026313128,C1,NA,NA
0.6227349129009873,0.095437612401755,42.72790804781186,C1,NA,NA
0.6096624934287986,0.09330319387879413,42.486401700667074,C1,NA,NA
0.6211282452285696,0.10029219850711714,42.15691052614028,C1,NA,NA
0.6106389165121692,0.10433885766928755,42.84083360035834,C1,NA,NA
0.5900348866613996,0.0908483023988328,41.70547454649469,C1,NA,NA
0.6297416093193045,0.09556147950081187,41.614275623235876,C1,NA,NA
0.6313737692945492,0.09391713166045887,42.192637739030864,C1,NA,NA
0.6084750967080581,0.10612329690388654,42.854118154265436,C1,NA,NA
0.6354921555187364,0.11914124506964906,41.51598424970318,C1,NA,NA
0.619641708256875,0.09677167667259375,42.82467444071854,C1,NA,NA
0.6024828465556694,0.1190807063713887,41.96955215204698,C1,NA,NA
0.5973414829794376,0.08981313349408887,41.506352257507636,C1,NA,NA
0.5975913345735966,0.09364259924833966,42.91675075575325,C1,NA,NA
0.6295204849648262,0.09477561428835882,42.303634786950454,C1,NA,NA
0.613492915110792,0.08642488477426732,42.17004073370197,C1,NA,NA
0.6134836789529913,0.11259142727348041,42.90517544871992,C1,NA,NA
0.6034318445173831,0.10377784844152825,43.29408915649728,C1,NA,NA
0.6076172923704842,0.08556464251988478,42.004921825710554,C1,NA,NA
0.6138386240096425,0.0991547513824484,42.95608056118344,C1,NA,NA
0.6209711264254602,0.11798320813781352,42.04378904473846,C1,NA,NA
0.6000700852343532,0.09903313985547052,43.29519568740072,C1,NA,NA
0.6014252936048944,0.09825175048964872,42.70071634087362,C1,NA,NA
0.6170078923195126,0.10475165703406095,41.55218780154137,C1,NA,NA
0.6247733120046841,0.11588544536946875,42.425282176737056,C1,NA,NA
0.6220963189632309,0.09498982714484293,43.21566428513523,C1,NA,NA
0.6172774374536213,0.10650967752801524,43.21852444139708,C1,NA,NA
0.5935076848292933,0.1327300814298177,39.44695204793397,C1,NA,NA
0.6267713605568038,0.10204057593561805,43.28168778503336,C1,NA,NA
0.612399625301927,0.09595130430203397,43.37289736292338,C1,NA,NA
0.5954866341668189,0.09409860156359215,42.30535217664146,C1,NA,NA
0.623399465911224,0.097769210213696,42.12832689155905,C1,NA,NA
0.6353372194351439,0.09881217683154085,42.83063073620218,C1,NA,NA
0.6173534778425998,0.10991555705545027,43.122751753929435,C1,NA,NA
0.6407244141101622,0.09944689574105856,42.5467241744095,C1,NA,NA
0.6073489109508075,0.1342457423845057,39.80057629235645,C1,NA,NA
0.6047786084107254,0.10978320501069713,43.04376661922398,C1,NA,NA
0.6195115123783373,0.11564562007366758,41.67434547690228,C1,NA,NA
0.6023846831149291,0.0900111042556908,42.70144902389757,C1,NA,NA
0.6325195926783501,0.10325134098922836,42.811222424157314,C1,NA,NA
0.6386508204979418,0.09766768336005144,42.189040202981325,C1,NA,NA
0.6134470210505063,0.12141500390444863,40.794417870481766,C1,NA,NA
0.620762205954499,0.09319669911484652,43.11670512767213,C1,NA,NA
0.6314134244756126,0.09898640247824499,42.64783858924591,C1,NA,NA
0.6179223572974463,0.09900784540881005,42.8807427750835,C1,NA,NA
0.6301835909610307,0.08756551639680296,41.956163934623106,C1,NA,NA
0.6304385285283997,0.09904814981203623,42.999557916447955,C1,NA,NA
0.6184956241592512,0.08802133274831571,42.49560843579182,C1,NA,NA
0.6176479225720722,0.09435175101265168,40.95900647896283,C1,NA,NA
0.5899754229711789,0.10249612791532639,42.750064621036444,C1,NA,NA
0.6239412010303823,0.08567687064743319,41.852576683834975,C1,NA,NA
0.6056371207956746,0.11495410687299559,39.33860051393283,C1,NA,NA
0.6090268172941918,0.08858978609632012,42.526699937445024,C1,NA,NA
0.6254857419479546,0.08616278571241895,40.91317340327125,C1,NA,NA
0.6149933773138296,0.11747230600631936,42.38553107110332,C1,NA,NA
0.5953156857275141,0.10363808771840075,43.07394804302818,C1,NA,NA
0.6177047173559299,0.09361355745017458,42.572884423635166,C1,NA,NA
0.5859292268337906,0.10465941189622152,42.35714921077342,C1,NA,NA
0.603763173319971,0.09363291827566389,42.55718502007569,C1,NA,NA
0.6157023809673049,0.09327636028026023,43.21544556301477,C1,NA,NA
0.6250065424074406,0.10141474505897385,43.17832333077164,C1,NA,NA
0.6248910595931518,0.09911430222636165,42.78139259300448,C1,NA,NA
0.5848747478358541,0.10623242254901274,42.39783016773457,C1,NA,NA
0.6017515771956438,0.11325590880407393,40.815830537554746,C1,NA,NA
0.6168233064602926,0.1270569042132288,40.73921600945624,C1,NA,NA
0.6327430122627579,0.09250228627654952,42.445243630339164,C1,NA,NA
0.5967157219718507,0.0916608626159274,42.52977519408076,C1,NA,NA
0.6100365073816181,0.10006145928514662,43.42720716628341,C1,NA,NA
0.5885374665162514,0.113552307258516,41.51951392859722,C1,NA,NA
0.6052246457993747,0.10152018580032245,42.361570715482124,C1,NA,NA
0.611334376742991,0.08178109927599184,40.783488705241716,C1,NA,NA
0.6214221973743487,0.12234468412702024,41.73953676042868,C1,NA,NA
0.6162694643142084,0.08566407523826557,42.06001567751109,C1,NA,NA
0.628263110854049,0.10246270392842081,43.04719822762759,C1,NA,NA
0.6322676513547449,0.112472691946984,42.57483312871424,C1,NA,NA
0.5754862063384072,0.10648433876180198,41.6389370161387,C1,NA,NA
0.6027477947470935,0.09854664604641251,43.04721220083169,C1,NA,NA
0.6217550112917414,0.11013122053779256,41.77972678917526,C1,NA,NA
0.5969435036944014,0.08949669021005859,42.44019609936245,C1,NA,NA
0.6175355160874038,0.09799624160143362,42.38263014905162,C1,NA,NA
0.646502013767611,0.11468443477169439,41.446414161714685,C1,NA,NA
0.6250967390651713,0.10246051792056059,43.338339747911874,C1,NA,NA
0.5857797744253612,0.11500747768503834,41.80011619059137,C1,NA,NA
0.6101590733448089,0.11063867462259923,42.97285889209701,C1,NA,NA
0.5794685811966614,0.12424101196527841,39.812653722865655,C1,NA,NA
0.6370481635662637,0.10481364112484252,42.801858026145766,C1,NA,NA
0.5933611422675525,0.09188760333935257,42.5774145407032,C1,NA,NA
0.6064497309567931,0.10141889176523679,43.401480089632855,C1,NA,NA
0.6078655293895726,0.09452578454334384,43.287630050890606,C1,NA,NA
0.6164178757317496,0.08956711384593088,39.720360480298474,C1,NA,NA
0.6163006541963256,0.10597245293776564,41.645998196081315,C1,NA,NA
0.6191161292598035,0.09965830222407288,42.74164668601881,C1,NA,NA
0.6039284547486208,0.09824264144413868,43.2679532420671,C1,NA,NA
0.6257109105003476,0.08857980956362838,41.7376091614306,C1,NA,NA
0.6303192537392215,0.08305555581710336,38.986854470252666,C1,NA,NA
0.602981136716963,0.11545601700436126,42.422412197522675,C1,NA,NA
0.6187214408951982,0.10348075282221236,42.13066034848347,C1,NA,NA
0.5821845478412263,0.0990613607820569,42.20984918539426,C1,NA,NA
0.6330861338227043,0.11388874374506255,41.994231840097434,C1,NA,NA
0.63572234282648,0.09949002596903253,41.93714614514928,C1,NA,NA
0.6224353750432026,0.12435154563150369,41.45295721775091,C1,NA,NA
0.5947989034885609,0.12443040034935454,40.02761335230227,C1,NA,NA
0.5952043220894926,0.09984918011424788,43.09417383529808,C1,NA,NA
0.5943572825645831,0.09497160097033308,42.894174603311576,C1,NA,NA
0.6032701822689185,0.11181619585193914,42.770282693105486,C1,NA,NA
0.6309366043097681,0.10033687821887641,42.77662430143614,C1,NA,NA
0.6298821977564352,0.09276513107479725,41.30748861520432,C1,NA,NA
0.6380380330559372,0.11836456387535457,41.78721614504049,C1,NA,NA
0.6030783223972673,0.11047983283265023,42.9439614793325,C1,NA,NA
0.6288864182381979,0.10318619173885102,42.445455096412914,C1,NA,NA
0.6316602709978318,0.10316080063036764,43.0032760611314,C1,NA,NA
0.6171061066457072,0.11551338286105639,42.559456409909146,C1,NA,NA
0.6295132657851955,0.10423722180521192,43.10830064856783,C1,NA,NA
0.6316672251159725,0.12226387172334417,41.55431162871017,C1,NA,NA
0.6168045955607726,0.09844876603327467,43.14990530219444,C1,NA,NA
0.602707103493692,0.09201445017220798,42.96567375198405,C1,NA,NA
0.6180859727399278,0.10924167677669815,42.22849230958249,C1,NA,NA
0.6179978986402271,0.114938694909631,42.66398864671292,C1,NA,NA
0.6099979526184204,0.07800783300953795,39.565091224364295,C1,NA,NA
0.5941969458194142,0.106728170430432,42.810013907661556,C1,NA,NA
0.6230402864393955,0.10361809961538097,43.1947031072019,C1,NA,NA
0.6318940471327509,0.09674092923157271,42.92280782563944,C1,NA,NA
0.6503585645160054,0.10301868743718459,41.35627274506136,C1,NA,NA
0.6181146077949397,0.0934930193334873,41.87775037084288,C1,NA,NA
0.6112497929124768,0.09480784956812698,42.76379191827067,C1,NA,NA
0.618638589423813,0.1065218907576034,43.12791037008201,C1,NA,NA
0.6456635720239216,0.1023796329894569,41.756327857458395,C1,NA,NA
0.5610175403027591,0.11165968275455665,39.962028470146876,C1,NA,NA
0.5971893751079563,0.11032867186601938,41.56618880747249,C1,NA,NA
0.5949842650284413,0.10121167339025898,42.909724385948856,C1,NA,NA
0.5795613573164539,0.1213747046813938,40.64013145943634,C1,NA,NA
0.6438519263822297,0.1204282059889674,40.439769290776425,C1,NA,NA
0.6224545410824229,0.09595929174264839,43.22210684889547,C1,NA,NA
0.629734828643414,0.09014490348009638,42.40805835270552,C1,NA,NA
0.6095971997839319,0.09498842674934524,43.21974859212388,C1,NA,NA
0.6322503929248522,0.117425814091094,42.08204619331961,C1,NA,NA
0.6003043920702459,0.12706755400193678,40.866608887143485,C1,NA,NA
0.5806015817697395,0.10989170565574022,41.814461728386,C1,NA,NA
0.615778491696278,0.10704890805934017,43.297218080340315,C1,NA,NA
0.6477719574194667,0.09979693670229896,42.011836590549954,C1,NA,NA
0.5872782292930713,0.09013698334882836,41.862898140869866,C1,NA,NA
0.6011676410658905,0.12017863481946776,41.82651793669345,C1,NA,NA
0.6306809890122229,0.09654224224982298,42.72879515946442,C1,NA,NA
0.5865202252823342,0.09922053895684765,41.24587148334689,C1,NA,NA
0.6108306081816712,0.10667514119390745,43.320274199149615,C1,NA,NA
0.610018034768846,0.09131982240356483,42.98653056250806,C1,NA,NA
0.5880932275939273,0.11210574195778569,41.90286836272237,C1,NA,NA
0.6435203571343862,0.09145725497842644,39.26722511997522,C1,NA,NA
0.6183249558074982,0.09876769573390401,42.65792336691319,C1,NA,NA
0.6241398483912316,0.09213936129188542,42.86374362022604,C1,NA,NA
0.5939303801998753,0.08617566601691062,39.25734327024707,C1,NA,NA
0.6090108477853944,0.09505593243807968,43.21200366752265,C1,NA,NA
0.5967293020171134,0.1136030994478438,40.7834774518768,C1,NA,NA
0.6419413432809654,0.10997305702958107,42.217670770515106,C1,NA,NA
0.6297989856766543,0.09987199367301633,42.916252546178264,C1,NA,NA
0.6507326419290425,0.10421296491193627,41.30141917264464,C1,NA,NA
0.6196038706824132,0.0974976810856687,43.42238330445112,C1,NA,NA
0.5983056264069356,0.12925984574422078,40.48739691464816,C1,NA,NA
0.6315064402510983,0.10733339946176065,42.45904200935435,C1,NA,NA
0.6365198602063048,0.12754795991523657,39.89738670558659,C1,NA,NA
0.6290310561115697,0.12409009448345108,40.42664486815381,C1,NA,NA
0.6189118674135444,0.09490667327724986,41.68959358173254,C1,NA,NA
0.6127732293847525,0.1043489708033099,43.44958864410451,C1,NA,NA
0.6131356690935799,0.09243107053713327,42.956020619242274,C1,NA,NA
0.6013800067860368,0.0899037727638417,42.5941382297237,C1,NA,NA
0.5836958197771572,0.12668878287719026,39.92158887904095,C1,NA,NA
0.64179656036706,0.09514972196950425,41.57676433039936,C1,NA,NA
0.6058297652242254,0.09502762889401647,42.56058385639012,C1,NA,NA
0.5959873569859514,0.12571784253535295,40.60387745945636,C1,NA,NA
0.5874701819202641,0.10569853579646318,42.52956687761852,C1,NA,NA
0.5900846769606808,0.09400271429988835,40.51454058309941,C1,NA,NA
0.6259614366852407,0.09978225878172141,43.10764350856693,C1,NA,NA
0.6080510822650507,0.0915440416359618,42.19775740541466,C1,NA,NA
0.6493521435873091,0.11750922391183105,40.042231510904195,C1,NA,NA
0.6157087397812052,0.09210980249955533,43.06528793632711,C1,NA,NA
0.6386511659786009,0.09246816462769061,42.162550613084946,C1,NA,NA
0.6012125532672672,0.10559339435969292,42.8232369511594,C1,NA,NA
0.6009271538274712,0.09367568123787712,43.06085022487335,C1,NA,NA
0.6106894230627596,0.08456019293551786,41.31696022264164,C1,NA,NA
0.6166556438186751,0.11738997144453495,42.29838063516406,C1,NA,NA
0.6192863855356529,0.0993855174613345,42.59330336593427,C1,NA,NA
0.6286620849879636,0.08993867408742728,42.443244872726076,C1,NA,NA
0.6204560503494146,0.09259821587887294,43.0514636125795,C1,NA,NA
0.5964273200078327,0.089516915612236,40.621718726222205,C1,NA,NA
0.6069809192332393,0.1042594859416669,43.30286996593577,C1,NA,NA
0.6142875907721898,0.10629667132854978,42.592892942366,C1,NA,NA
0.5945097725621893,0.0832856109076835,40.60615295591203,C1,NA,NA
0.6062250065196203,0.08978785379562956,42.67775890248942,C1,NA,NA
0.5785758170870284,0.10604809162960667,41.94259558388755,C1,NA,NA
0.6102257179748161,0.1260700028612332,41.21469975157181,C1,NA,NA
0.6498163473396346,0.09051056753212565,40.57837276637338,C1,NA,NA
0.6246403740956283,0.09717693240136645,43.10816583240744,C1,NA,NA
0.6250449500279878,0.08980486753950465,42.1902623695607,C1,NA,NA
0.6159393544533577,0.09993765283192393,43.16285117853461,C1,NA,NA
0.6534873734274705,0.10350759544260457,41.5592530046649,C1,NA,NA
0.601284156379652,0.11178180116385529,42.71898785497616,C1,NA,NA
0.5946701964224194,0.09612332573719969,42.560351041037535,C1,NA,NA
0.6334515767232384,0.09218980569272943,41.05116635976273,C1,NA,NA
0.5809728053066467,0.0944175735143745,41.92606183777284,C1,NA,NA
0.617350970959922,0.09552093653986059,43.365576625753555,C1,NA,NA
0.6313597494723772,0.11758866009225212,41.981454386875356,C1,NA,NA
0.5889490433951725,0.09337129997802998,42.46638740343442,C1,NA,NA
0.6061632268052897,0.10315566179645691,43.2674260559902,C1,NA,NA
0.6382372886169229,0.09297086863609666,41.973775677358795,C1,NA,NA
0.6001338601773074,0.10917845367543638,42.758663699581845,C1,NA,NA
0.6313305753595767,0.10746763119339293,41.9502746788232,C1,NA,NA
0.6039138629672619,0.0972669500186262,43.274666029851225,C1,NA,NA
0.6252417227204258,0.10736785364520134,40.763747997461245,C1,NA,NA
0.6016487541986972,0.09702745310509903,41.86364027102521,C1,NA,NA
0.5878676839864821,0.11702328580639068,41.71472435677475,C1,NA,NA
0.5946689039927334,0.10921707861783071,41.921741042297015,C1,NA,NA
0.6116926751845824,0.11095350756077331,43.030793234669474,C1,NA,NA
0.6276490188937183,0.0999594988391761,42.77666211684958,C1,NA,NA
0.5867339125254832,0.10446110123212142,42.51657341926071,C1,NA,NA
0.6244588017728877,0.10311563645671708,43.27174123292479,C1,NA,NA
0.6082355431118744,0.0868376087185588,41.1114508141281,C1,NA,NA
0.6047138735449064,0.09309914889361545,43.07958397084348,C1,NA,NA
0.5665851216582042,0.11070463769887288,40.33057214126086,C1,NA,NA
0.6084211965886912,0.10568198980118472,43.00571694103354,C1,NA,NA
0.6341438670644051,0.10598029814384538,41.540785591087726,C1,NA,NA
0.590214970724296,0.08776312510492157,41.794483113978735,C1,NA,NA
0.6023014281961632,0.10333197162061687,42.638335961804444,C1,NA,NA
0.6344734298931295,0.11049425859322025,42.315987047911285,C1,NA,NA
0.6229886398569758,0.10223725670283718,43.34302067072131,C1,NA,NA
0.6719190340294604,0.1124629173908277,39.48107786586264,C1,NA,NA
0.5811902448376344,0.11299649929308542,40.991090361866625,C1,NA,NA
0.6081723046307345,0.11001381300568429,43.02190200940737,C1,NA,NA
0.5830977847429736,0.09862695598799887,42.26841863116486,C1,NA,NA
0.6202481021871844,0.109942316762887,42.686528816773695,C1,NA,NA
0.6066228491095972,0.09700730041537822,42.457064229763645,C1,NA,NA
0.6080121637158664,0.12721172870732694,41.00877474323509,C1,NA,NA
0.6048484465769449,0.08044558144339714,40.28897729165646,C1,NA,NA
0.5996415003489117,0.10757112216719018,42.959038914797155,C1,NA,NA
0.6052519306019677,0.11298790486667484,41.48942435180156,C1,NA,NA
0.6154269968915337,0.13081576626404173,40.475048088347386,C1,NA,NA
0.6233081221270975,0.09491781883988899,43.1518972500018,C1,NA,NA
0.6411696113084809,0.08910391810319461,41.05879460946012,C1,NA,NA
0.5954822892543662,0.09499513821118999,41.7788755510365,C1,NA,NA
0.6088856480878584,0.09339402348291863,42.90992477727345,C1,NA,NA
0.6214008241747572,0.10051556290005059,43.351210248478985,C1,NA,NA
0.5966622860127557,0.09444155248161887,41.982485754298935,C1,NA,NA
0.6300802749926322,0.09003225557754807,42.23114664703492,C1,NA,NA
0.5959113562242931,0.11580392507004914,41.421674094838224,C1,NA,NA
0.6084211965886912,0.10568198980118472,43.00571694103354,C1,NA,NA
0.5922727529954963,0.10405261468398493,42.843122160837204,C1,NA,NA
0.6299641205984278,0.09067399629498672,41.03946911474318,C1,NA,NA
0.6410560620653186,0.0991807235681404,42.39438366174114,C1,NA,NA
0.6169675985711925,0.11805309340111715,42.25238384213459,C1,NA,NA
0.6304081009832264,0.1015175925015184,40.774632690450524,C1,NA,NA
0.6298844878985853,0.09974050393639704,43.06124875459263,C1,NA,NA
0.6379651961101059,0.0881431899513517,41.49371156480269,C1,NA,NA
0.6144201562576342,0.1040165491582645,42.08444817324699,C1,NA,NA
0.6030262867594854,0.10673208372132802,43.14422464287125,C1,NA,NA
0.5835330695449253,0.10357896790744321,41.80200049449067,C1,NA,NA
0.5705625913890848,0.09807896693268585,41.08914112235189,C1,NA,NA
0.6150359333792609,0.09308689890157354,42.79494135942838,C1,NA,NA
0.6327504651069847,0.09670379452497521,42.79475477909305,C1,NA,NA
0.6016150078946857,0.11572555804945786,42.05765165788719,C1,NA,NA
0.6235504691848027,0.10382747789737344,43.32851089472298,C1,NA,NA
0.592798602959526,0.09746087837184139,42.78403351226035,C1,NA,NA
0.5881675506160474,0.09322040599960889,41.977031274407295,C1,NA,NA
0.6311455827658753,0.08523687095280469,41.3169747698156,C1,NA,NA
0.6116620222547602,0.1020158671389365,43.421142686040646,C1,NA,NA
0.6304222609793161,0.09741692322279669,43.06658482210529,C1,NA,NA
0.6161816962085876,0.11872789708004115,41.081303708095994,C1,NA,NA
0.6142120868760886,0.10796725567949142,43.16552507892074,C1,NA,NA
0.6208143149694544,0.10137196747140478,43.38916503258007,C1,NA,NA
0.6369421410859682,0.11135011169525053,41.76372187884313,C1,NA,NA
0.6148295737633007,0.10755786907891776,41.84822923451902,C1,NA,NA
0.6051907381756165,0.09443391645120562,43.0231535146341,C1,NA,NA
0.6094532219347769,0.1061160466587413,43.33103794859883,C1,NA,NA
0.6110384034999554,0.094694913628753985,43.323310615998,C1,NA,NA
0.6227861407294892,0.09849073064437794,43.01537060404975,C1,NA,NA
0.5974206916848224,0.11836557138693275,41.849799501387004,C1,NA,NA
0.6130353771747079,0.08145025260690554,40.769179548737696,C1,NA,NA
0.6068210669246513,0.07925851004775361,37.33069517571398,C1,NA,NA
0.6072352096245752,0.10500955044687671,42.682298677771314,C1,NA,NA
0.6447668798372674,0.09888476435672733,42.212335701676096,C1,NA,NA
0.6189384535081958,0.09285525864455385,43.135853897350266,C1,NA,NA
0.6530777208515727,0.11367794631301552,41.25609119014071,C1,NA,NA
0.6143945882879025,0.09957194770076233,41.9541263121472,C1,NA,NA
0.6180632265109728,0.09960242870032289,43.05480624577626,C1,NA,NA
0.5999455826591408,0.10099252675288228,43.29299308553044,C1,NA,NA
0.5888251560427377,0.0987831432111769,42.278953165117876,C1,NA,NA
0.6446121259114806,0.09867476842065014,42.233687796061304,C1,NA,NA
0.6011679417758371,0.10976716145405613,42.90927372461045,C1,NA,NA
0.6140509652659087,0.12408875998875807,41.536977985465384,C1,NA,NA
0.6573559511506438,0.09406261737053716,40.486098856095666,C1,NA,NA
0.6012653906817034,0.09561205444177533,43.0531211926136,C1,NA,NA
0.6103006636974735,0.09667996690585384,43.439949994225074,C1,NA,NA
0.6394930221211124,0.12142570640247678,41.31474017927853,C1,NA,NA
0.6107924475241152,0.09025820016713013,42.844792284668905,C1,NA,NA
0.613296664389656,0.09503928137935115,41.50469506350382,C1,NA,NA
0.6122161860997815,0.09744477432829697,42.78306516620917,C1,NA,NA
0.6146272483207378,0.08443301506360706,41.36173121508679,C1,NA,NA
0.5958035143929606,0.08738387445424363,41.47604198097511,C1,NA,NA
0.6213521558573099,0.09329153787146621,41.67059883424105,C1,NA,NA
0.6246099513765776,0.1086076735593918,43.10802276527868,C1,NA,NA
0.601791501643916,0.09907358343230677,40.71950481620377,C1,NA,NA
0.600774516554689,0.09779437243719,42.948776143735955,C1,NA,NA
0.6133959219244489,0.12240338155904903,41.763106517416034,C1,NA,NA
0.6204215084066182,0.10618994141552916,40.63466794274245,C1,NA,NA
0.583556893670486,0.1130068438685971,40.18742115528533,C1,NA,NA
0.5998138271902362,0.09296789617935225,42.97908204920583,C1,NA,NA
0.6248778573406951,0.11451756195066194,41.09861499623375,C1,NA,NA
0.6205836791445091,0.09473077074371082,42.46753622049952,C1,NA,NA
0.6146471699180932,0.09318288567373842,42.68313408899897,C1,NA,NA
0.6110577362486146,0.09208915844885006,43.09621580156965,C1,NA,NA
0.6219754211315154,0.10395064159077244,43.33295152065633,C1,NA,NA
0.6108945961020336,0.09156219969166429,41.273669010462584,C1,NA,NA
0.5846346144297143,0.08832297972662881,41.0829802953993,C1,NA,NA
0.5888464746191541,0.09130150843836102,42.14102125082263,C1,NA,NA
0.6091251415363554,0.09116580267477158,41.439344248994544,C1,NA,NA
0.5839419807046193,0.10744926682634028,41.17258230210942,C1,NA,NA
0.6535337787479728,0.10339638861952408,41.58276339925679,C1,NA,NA
0.6004438502821686,0.09259974029241945,41.81504672548336,C1,NA,NA
0.6351097270250992,0.09104052703051616,42.224274104933514,C1,NA,NA
0.6020215994600364,0.10081029424564583,41.969268402135405,C1,NA,NA
0.6162446609630736,0.10156018816463165,42.217607063036894,C1,NA,NA
0.6092667364570873,0.11289458428214681,42.65197275452037,C1,NA,NA
0.6048617238047581,0.10250406116049848,42.88472868030933,C1,NA,NA
0.6099910671939657,0.10086822633417497,41.77970605397045,C1,NA,NA
0.6021948094831988,0.10066793244029316,43.35014486627446,C1,NA,NA
0.6065983572781155,0.10958423685799966,42.97427817847173,C1,NA,NA
0.6479471416095918,0.09373067871328676,41.52100805916901,C1,NA,NA
0.625686031580523,0.10972048997913347,42.242998366045555,C1,NA,NA
0.63277145449406,0.09892744636948918,41.67852778645014,C1,NA,NA
0.6219412899666463,0.1110187880504558,41.95134202354457,C1,NA,NA
0.6017764868725339,0.10545563145502934,42.495419105684164,C1,NA,NA
0.6189340320951651,0.10338479496181162,43.41338030805888,C1,NA,NA
0.6451748272729578,0.09508040323870036,41.921384094290154,C1,NA,NA
0.6177054392871224,0.10242357630135801,43.482871230305506,C1,NA,NA
0.5851454034748882,0.10817614183731165,40.85758817059573,C1,NA,NA
0.5934228781443665,0.11727010330904501,41.93579796009558,C1,NA,NA
0.6066115389961443,0.09164206907537328,43.01973732339566,C1,NA,NA
0.5861989639061976,0.10954635410613928,42.29758514304072,C1,NA,NA
0.6103193369158875,0.09335911830337164,43.192545428696576,C1,NA,NA
0.6014131029006903,0.10564697858298339,43.05045586861746,C1,NA,NA
0.5982812159429015,0.11913405172409151,41.74422834894149,C1,NA,NA
0.5898383068529135,0.09756526866402807,42.27764071573691,C1,NA,NA
0.5990510061027949,0.11570452110115452,41.79030349338549,C1,NA,NA
0.6072422667074046,0.11592866008090788,42.28521126462747,C1,NA,NA
0.6353715927768742,0.10124390123893048,41.361747759592355,C1,NA,NA
0.6397795147040977,0.12058820364093917,41.345982557457546,C1,NA,NA
0.6121996369468649,0.09827681451644656,42.40863047621713,C1,NA,NA
0.6080180237629647,0.09567459544088913,43.02283012069154,C1,NA,NA
0.5844517075394362,0.0880089359568207,39.88354236568896,C1,NA,NA
0.5873011951600764,0.114292382110842,41.96487170884258,C1,NA,NA
0.6410924255209364,0.11084426549140974,42.07053329486389,C1,NA,NA
0.6361773931126389,0.11295663105648282,42.16539937767376,C1,NA,NA
0.6118248715369466,0.09640493699233821,43.04337334519336,C1,NA,NA
0.5854695760936897,0.11453771548628619,41.29533242147803,C1,NA,NA
0.6085663329306594,0.10585080763282353,43.108480650895174,C1,NA,NA
0.6380859841634344,0.11519583737387422,41.73333895489793,C1,NA,NA
0.6021032289143546,0.08583735847842497,41.890977531217345,C1,NA,NA
0.6225626819270539,0.10862468654146804,43.09848999925964,C1,NA,NA
0.6269794960791807,0.10792705538807001,42.61459243842151,C1,NA,NA
0.641664290020834,0.09916670069545684,41.927947144208474,C1,NA,NA
0.6023846831149291,0.0900111042556908,42.70144902389757,C1,NA,NA
0.6399801048662124,0.10498946070683712,42.176903684201264,C1,NA,NA
0.5878809818956777,0.10761585463706763,42.203095276743035,C1,NA,NA
0.6078756820232631,0.10162741792351299,43.26182321840829,C1,NA,NA
0.5949189745560355,0.10545283746712224,41.40400972121849,C1,NA,NA
0.6322242233801413,0.09400893724975683,42.575300610720916,C1,NA,NA
0.6201632969312204,0.10212865601505408,42.65279898171996,C1,NA,NA
0.5855904670886922,0.10512595738500252,42.258797482844315,C1,NA,NA
0.608042519634852,0.10430694946377438,43.319090005417344,C1,NA,NA
0.6245358288868016,0.11274364148923703,42.77722727660213,C1,NA,NA
0.6371462620478745,0.1088667544914782,42.448397816852996,C1,NA,NA
0.6146337187055542,0.09053759940744895,42.18891718047442,C1,NA,NA
0.6023272306380911,0.11440447846803575,42.552833988633424,C1,NA,NA
0.6223328019167245,0.11097981159265204,41.78686518064859,C1,NA,NA
0.6145269134451584,0.12099548715322352,41.954245111422516,C1,NA,NA
0.6125941123212466,0.1180601237801644,41.33770674396208,C1,NA,NA
0.6008472127188164,0.11232516412373883,42.55923512131299,C1,NA,NA
0.6397782282629587,0.10940680050948941,42.46148263398877,C1,NA,NA
0.5964791976180296,0.09396415075871313,42.765189281006556,C1,NA,NA
0.658767589091027,0.09562415780317175,40.45669819022601,C1,NA,NA
0.6133303089100763,0.0983528044848518,41.30470225801478,C1,NA,NA
0.5933660575189827,0.09391377307660341,41.293509805370775,C1,NA,NA
0.6006685139275174,0.09952593242324873,43.31407223146875,C1,NA,NA
0.6003468607211995,0.09065096239771288,42.32779680308177,C1,NA,NA
0.6555982357662145,0.10232645680958924,41.30660931519463,C1,NA,NA
0.6170422221147016,0.10480591607236933,42.88346319456471,C1,NA,NA
0.5731354317469093,0.10325420929741029,41.52259389122289,C1,NA,NA
0.5997898730317083,0.10028103048197978,43.04268160168879,C1,NA,NA
0.5830226044681713,0.10542919487346597,42.28339308307564,C1,NA,NA
0.6241139561309732,0.11047093726322715,42.86973803355892,C1,NA,NA
0.609371093861117,0.10952641816661765,41.94964273125671,C1,NA,NA
0.6316148893540973,0.09611038083563064,42.73653365299745,C1,NA,NA
0.5991954566745002,0.11005809905176592,42.40240175095208,C1,NA,NA
0.6019223916986018,0.10301712898311556,42.79071069337514,C1,NA,NA
0.5755627380512424,0.10442923980627954,41.715867266678806,C1,NA,NA
0.6101983049941222,0.08469331833686461,41.09743478219716,C1,NA,NA
0.6173954210031946,0.1118970828076468,42.44291267100997,C1,NA,NA
0.6074970274514493,0.11789629439345384,42.15768244518581,C1,NA,NA
0.5714848988458427,0.09733295877568007,40.36153864372027,C1,NA,NA
0.6292358548313559,0.09043500086491274,42.49535810674433,C1,NA,NA
0.5948803694444372,0.10454750901895114,42.543070131134016,C1,NA,NA
0.5781905038931179,0.11623294997476355,41.134669804977285,C1,NA,NA
0.6307783222831973,0.0979673477925462,42.55509690092068,C1,NA,NA
0.6238856274308803,0.09569106164922578,42.66154941991073,C1,NA,NA
0.6099897002223251,0.10388787468403762,43.33393801040985,C1,NA,NA
0.5855735313338261,0.10419776312012333,42.27862642612159,C1,NA,NA
0.6230750432740217,0.0950533649790019,43.213389862507135,C1,NA,NA
0.6088664185201206,0.10875170481566127,43.18565055068676,C1,NA,NA
0.5991059932254983,0.10292226448346402,42.31830128427373,C1,NA,NA
0.6091635295098936,0.09474356976828388,42.798739817662096,C1,NA,NA
0.6560307407819492,0.12942733519283572,39.372252179802494,C1,NA,NA
0.618258439832625,0.10448273453723447,43.37531946544014,C1,NA,NA
0.6038498975693251,0.0981885292517404,43.34150789706404,C1,NA,NA
0.5972821458130301,0.12135540740888003,41.41597656159174,C1,NA,NA
0.6117836923958478,0.10661729413808155,43.33718089029396,C1,NA,NA
0.6319380166274353,0.09432934654545946,42.058700287073044,C1,NA,NA
0.6166060309793941,0.09668768878468972,42.99520739941464,C1,NA,NA
0.6530090370714181,0.11630925968258443,40.93767027958784,C1,NA,NA
0.6239514036183772,0.12045674682642003,41.06735146386224,C1,NA,NA
0.6035969898210775,0.0992436141623704,42.34622767111242,C1,NA,NA
0.584345318519167,0.10371554752354162,42.22141841580528,C1,NA,NA
0.6183351660483033,0.11469791589098072,42.6744788747978,C1,NA,NA
0.5858856823527582,0.10746503821004344,42.35738076574356,C1,NA,NA
0.6159078921566522,0.1006655717578176,42.990370344671206,C1,NA,NA
0.6079876811952498,0.08381505878002142,41.63432338593797,C1,NA,NA
0.6196432208217886,0.09626204287904958,42.0170687609226,C1,NA,NA
0.5800549304508075,0.093324039938121,41.49678448875105,C1,NA,NA
0.6257621338175308,0.10194783277583482,41.87467495470004,C1,NA,NA
0.5930867289382199,0.10241866352357781,42.99193353009704,C1,NA,NA
0.606017299981729,0.10150660561412965,42.944527028596426,C1,NA,NA
0.6373997807360325,0.09319694264519417,42.29222586061976,C1,NA,NA
0.6222041473152585,0.09377899400356757,42.257195118580675,C1,NA,NA
0.5808914035388766,0.13527389782453664,38.37831682930553,C1,NA,NA
0.6109752124438966,0.10639392691942709,43.066998596472665,C1,NA,NA
0.6116530396789256,0.08114243811270228,40.791396696109715,C1,NA,NA
0.6332449955222218,0.10102747570300878,42.57593832173296,C1,NA,NA
0.612997556997238,0.10664283249730125,43.19684566335964,C1,NA,NA
0.625194401998349,0.11869958244717363,39.67412792783209,C1,NA,NA
0.6322123236171356,0.10994234519746139,42.23826175900163,C1,NA,NA
0.6472626686958725,0.10296858530627287,41.55438722464288,C1,NA,NA
0.6053003767837842,0.10512129409024991,43.31087095329217,C1,NA,NA
0.6087841036967584,0.10725644046820035,43.22278820912629,C1,NA,NA
0.6394630504696964,0.10427086212549042,39.3205185746337,C1,NA,NA
0.6346235526470438,0.08747166176310515,41.20929701757789,C1,NA,NA
0.6454558632442435,0.08357201415986376,39.62219297249829,C1,NA,NA
0.6048101784527313,0.09669183869709172,42.058022562606034,C1,NA,NA
0.6102050901628617,0.10770302579915803,41.763317033646686,C1,NA,NA
0.5851840687979691,0.10351754159096087,42.233889555088545,C1,NA,NA
0.6178496485582478,0.10075684460172041,42.46182072541808,C1,NA,NA
0.5982132538495334,0.08993775158000136,42.359528867405565,C1,NA,NA
0.6395337266005838,0.08869664346966791,40.71981015879587,C1,NA,NA
0.6394301426357687,0.10988505555798266,42.43133005739352,C1,NA,NA
0.6329851857409989,0.13022496272021294,40.373541980719025,C1,NA,NA
0.58575463408566,0.10592354094775909,42.405579483924484,C1,NA,NA
0.5996473773329473,0.11374773197675485,42.44766324871405,C1,NA,NA
0.6076519822693663,0.10221049679682327,43.42498988726092,C1,NA,NA
0.6136671849181471,0.10996240750927835,42.89727928878225,C1,NA,NA
0.5991675633816267,0.11306473587199128,42.33845294296194,C1,NA,NA
0.5970676100159606,0.09838009366134633,42.92169289281947,C1,NA,NA
0.6127460290284591,0.12170250466071661,41.8036446043574,C1,NA,NA
0.6273499440427371,0.10018510605974194,43.095966383628664,C1,NA,NA
0.6376486076896981,0.10565131046103958,42.35744002784331,C1,NA,NA
0.6199049312876751,0.1156048019880408,42.32939736488368,C1,NA,NA
0.6099493711808851,0.10038717776268208,43.470179408208615,C1,NA,NA
0.5942836989059701,0.11401156406354919,42.19122979666467,C1,NA,NA
0.5979899435360525,0.10390173880694965,43.10163673726982,C1,NA,NA
0.5991263753956948,0.12014775926979732,41.711192869379055,C1,NA,NA
0.6060553013227031,0.10525581266026167,43.310753135469284,C1,NA,NA
0.6131183985026863,0.11180933725285508,42.86845823560216,C1,NA,NA
0.6131085684299936,0.10189402804691676,41.40772518373979,C1,NA,NA
0.6079791305665956,0.09664309135893062,43.04224348913933,C1,NA,NA
0.6024898692121156,0.10701725188511516,43.0985824949693,C1,NA,NA
0.6564043197002325,0.09788187014756286,39.72977885376973,C1,NA,NA
0.6147666671118023,0.10138767680219261,42.42255786615813,C1,NA,NA
0.6093975315515587,0.11829719373595818,42.26562412066439,C1,NA,NA
0.6017371193917516,0.12987934485995603,40.44301988324325,C1,NA,NA
0.6129667729015055,0.08488110241404508,41.89207535892935,C1,NA,NA
0.6143835392074428,0.08855934690838285,42.64404219514039,C1,NA,NA
0.6115151222324441,0.10094453134100972,43.16019653378754,C1,NA,NA
0.6387682842973197,0.09689074856131007,41.766204476580675,C1,NA,NA
0.6523693823307025,0.08333826052010594,38.66572858955303,C1,NA,NA
0.5830395040867631,0.12475965907361489,40.30887504558678,C1,NA,NA
0.6250215074379318,0.09740775054349247,43.28625312892911,C1,NA,NA
0.6284586970243032,0.09836816242123891,42.532868691121784,C1,NA,NA
0.6358873514290188,0.10720966405781412,42.776031574145776,C1,NA,NA
0.6090112097859056,0.10010374297281038,43.46460269603037,C1,NA,NA
0.6559891097845578,0.11282482667702945,41.08178139648023,C1,NA,NA
0.5958874410491046,0.0978450514022958,41.88163724968845,C1,NA,NA
0.6046326730418369,0.10364561073289896,43.37696053407998,C1,NA,NA
0.6008750361712435,0.11136138631280582,42.80466401400762,C1,NA,NA
0.6186321653587674,0.10190758775461864,43.478738283267475,C1,NA,NA
0.5947727763096599,0.10281453881509739,43.02128152037931,C1,NA,NA
0.6182833669545242,0.10081747348073625,43.44579980922497,C1,NA,NA
0.6129936183402511,0.09747216427391694,42.921661201676855,C1,NA,NA
0.645434294066314,0.12472450052159667,40.38336139338854,C1,NA,NA
0.5856899319490525,0.10594422518583023,42.394521979564026,C1,NA,NA
0.6249688832017337,0.10292903001337025,43.20627063470988,C1,NA,NA
0.6219516210784757,0.09661930033905108,43.33819806585,C1,NA,NA
0.6038261154540454,0.09737576521871148,42.638922100827536,C1,NA,NA
0.5878027542719609,0.08979858160193492,41.77343093033427,C1,NA,NA
0.6640243693779435,0.08901693781618002,38.61697798791009,C1,NA,NA
0.6136276994038459,0.11258964850380959,42.52905450519163,C1,NA,NA
0.6064629055892453,0.11190441192636423,42.4273266842241,C1,NA,NA
0.593249638852113,0.09146425518214345,42.46103989462198,C1,NA,NA
0.5976847493124992,0.1018332034851199,43.11333619042638,C1,NA,NA
0.6119267235672979,0.08744556998764899,41.854297455870835,C1,NA,NA
0.613327806737596,0.11141393950735401,42.52689705550506,C1,NA,NA
0.6288756619126423,0.11896563151170887,41.835070814081625,C1,NA,NA
0.6085614000136838,0.07901629980258293,40.07132229141743,C1,NA,NA
0.6104070897822752,0.09639309939168778,42.869851828690535,C1,NA,NA
0.583306656365698,0.09387420217356966,41.59365405345148,C1,NA,NA
0.6365543301934941,0.11733144511459472,41.67187369270324,C1,NA,NA
0.6033819728735478,0.10287295685929562,42.93901681755623,C1,NA,NA
0.5875294154990992,0.12174939353856706,40.29832133464573,C1,NA,NA
0.6142657110902858,0.09773922687308273,43.321069835201556,C1,NA,NA
0.6045992142711569,0.12065952868040303,41.88750417450632,C1,NA,NA
0.6120353321275592,0.09071843822059136,42.72638758157916,C1,NA,NA
0.5818843259108458,0.10029432008925114,42.17458641095091,C1,NA,NA
0.6201715577611594,0.10304722489380928,42.96475412941198,C1,NA,NA
0.6087906808871149,0.10916755440779323,43.1013223970664,C1,NA,NA
0.5937715856769922,0.11460632574598396,42.20868041932546,C1,NA,NA
0.5899003270277622,0.10452934461425832,42.76734664150195,C1,NA,NA
0.608696419302139,0.11149036673664431,42.95915295926896,C1,NA,NA
0.6016690700836107,0.10046181651757946,43.010450419196694,C1,NA,NA
0.617975811918608,0.10920022949415534,41.282244879826166,C1,NA,NA
0.6290297187934084,0.09073432612432762,42.535334242450325,C1,NA,NA
0.5819664124192521,0.09656284254725832,41.970716571562036,C1,NA,NA
0.6067781283158364,0.09734671194239251,43.369618837794384,C1,NA,NA
0.6207168657765362,0.09446298145530733,43.217423405519604,C1,NA,NA
0.6351575278050836,0.1127775508416634,42.439212159964164,C1,NA,NA
0.6368141537284826,0.11062176762114982,42.53599748419363,C1,NA,NA
0.5885251507177903,0.10582281925176346,41.48631282699371,C1,NA,NA
0.6260504634214973,0.08386100088449716,41.202934478129336,C1,NA,NA
0.620878236930554,0.11145253374361808,42.384720390995646,C1,NA,NA
0.6126571836366538,0.0983409595682668,41.06603574343634,C1,NA,NA
0.6122952934007997,0.11537155338571178,41.22873891263469,C1,NA,NA
0.6390802090735132,0.12003703673657884,40.87518248443655,C1,NA,NA
0.5884549352960198,0.09926163723843828,42.70226074348681,C1,NA,NA
0.6210519547452263,0.09730238180364371,43.37644036455121,C1,NA,NA
0.5782361295148238,0.10338728332214944,41.958065892153094,C1,NA,NA
0.656354583836447,0.09641699978608087,40.84905031095599,C1,NA,NA
0.61935104441838,0.0959380222725783,42.62890105568357,C1,NA,NA
0.5928525833186927,0.12017309238495591,36.96616015916959,C1,NA,NA
0.6088475482925915,0.09960503324597636,43.48113796341229,C1,NA,NA
0.6268262346117122,0.08960296703211823,42.454300269952554,C1,NA,NA
0.6142129971960534,0.10480764079448926,43.111573020525114,C1,NA,NA
0.6306004140090409,0.10222788308871117,43.1002699495696,C1,NA,NA
0.5805763404140817,0.12288228140494663,38.11167080031914,C1,NA,NA
0.5896998416803495,0.10001436972522702,42.66739649955574,C1,NA,NA
0.631788616182099,0.10597574093320314,42.4188320829131,C1,NA,NA
0.6426924297104336,0.11607423084794652,41.72341862048567,C1,NA,NA
0.6159348307473529,0.0980904203400971,42.410583390677466,C1,NA,NA
0.5736932942609051,0.10060954407177662,41.04088381916844,C1,NA,NA
0.632410436949709,0.11843884730570449,41.989006624419474,C1,NA,NA
0.5765277680643732,0.09447174929054829,41.36624284480379,C1,NA,NA
0.5811051464494976,0.09954201091230004,42.21072542198537,C1,NA,NA
0.6198919633628385,0.09650192361180442,43.37394267995982,C1,NA,NA
0.5929249662082745,0.11745218463101913,41.11768931237145,C1,NA,NA
0.5903756713379824,0.13919677325138122,37.621377834378,C1,NA,NA
0.6317905170055779,0.12276779583747599,40.52074008768409,C1,NA,NA
0.6264914714322404,0.10351722318703065,43.26232580971049,C1,NA,NA
0.6205385825516931,0.11627469126775147,42.48717145809972,C1,NA,NA
0.612362157885312,0.12517641514611938,39.27219533699025,C1,NA,NA
0.6057820683921054,0.1053798548503214,42.99364138454137,C1,NA,NA
0.6274591737570164,0.10588612459858517,42.800134704541016,C1,NA,NA
0.6339306680301723,0.1320932735544456,38.64388595146613,C1,NA,NA
0.6275190020009981,0.11665235354494058,42.305186085907785,C1,NA,NA
0.6317391259033144,0.10811355852017811,42.17541005696858,C1,NA,NA
0.6114269693895464,0.11188760762273431,42.9553069392266,C1,NA,NA
0.6287327120318298,0.10408506875868626,42.78090452999569,C1,NA,NA
0.5709825592170003,0.11816314111218888,39.664499031621176,C1,NA,NA
0.6272376465882011,0.11038865770018977,42.84621262436681,C1,NA,NA
0.6505170532685483,0.1035976824787975,41.6223097023161,C1,NA,NA
0.6295649612937507,0.10189383808050727,42.990510122615134,C1,NA,NA
0.6402197104236909,0.11747873529392756,41.776261879350955,C1,NA,NA
0.5664138580611593,0.10339915152481602,39.953944320053424,C1,NA,NA
0.5976547669683939,0.08620600846427033,41.740710473183384,C1,NA,NA
0.6135829228695902,0.09625587055445273,43.383028496805174,C1,NA,NA
0.6328325415304359,0.09833012786314585,42.145881972690724,C1,NA,NA
0.5766750133300921,0.10828847060208308,41.605322491717594,C1,NA,NA
0.6230899924774808,0.1094761688749482,43.00880161697597,C1,NA,NA
0.5823096859277446,0.10622370794106413,41.939808594951174,C1,NA,NA
0.6297216075673036,0.09388228964087565,42.46342756245049,C1,NA,NA
0.5913722741198304,0.10662114347400532,42.501064195361955,C1,NA,NA
0.6444961690411757,0.0964604968044052,42.07333101225222,C1,NA,NA
0.6235109798163734,0.09502734232004624,42.7833199544707,C1,NA,NA
0.6277227765648629,0.09646269283424512,41.10793936796824,C1,NA,NA
0.5800925837189834,0.11127109878033975,41.313278765192564,C1,NA,NA
0.6130963571584095,0.0908820272643634,42.68117640562461,C1,NA,NA
0.6029241331905972,0.1108573867328831,41.838502238609365,C1,NA,NA
0.6004018477425095,0.10666534272644893,42.811520722756846,C1,NA,NA
0.6425905638524596,0.10863072712009363,41.79046789727329,C1,NA,NA
0.6312190084758127,0.10940091244677802,41.489850514864074,C1,NA,NA
0.6040225921639171,0.11364092435204695,42.652014323888714,C1,NA,NA
0.6088087327924531,0.10767869010539338,42.78558634554338,C1,NA,NA
0.5922093187654965,0.13195200667167506,39.02418836629509,C1,NA,NA
0.6314557077524612,0.08234410071006817,40.20375707501937,C1,NA,NA
0.5696135588336898,0.0877777032838934,39.70045874421382,C1,NA,NA
0.6113333972517697,0.112531305052359,42.39100248890067,C1,NA,NA
0.5919519768628048,0.09872601778200762,42.93589707918257,C1,NA,NA
0.6017817106732539,0.10067409608730933,43.352537934243436,C1,NA,NA
0.6356295801457761,0.11543293586997218,40.639494374459694,C1,NA,NA
0.5830988534613473,0.09991999663420853,42.00882822878574,C1,NA,NA
0.5760177758518519,0.0930892364204482,40.3898433883088,C1,NA,NA
0.6027454557426825,0.09386919580717566,43.05068597693153,C1,NA,NA
0.5879859523456862,0.1108321258197483,42.11370630878907,C1,NA,NA
0.5950525290379197,0.1041667228244669,42.15145238572836,C1,NA,NA
0.5634979898839488,0.11027857050941067,39.62129990115931,C1,NA,NA
0.6022135311418777,0.09413508645753493,43.08351556474013,C1,NA,NA
0.6242600585861966,0.1070218142713717,42.575061961720245,C1,NA,NA
0.6027534017618751,0.10295201325410853,41.897043068881835,C1,NA,NA
0.6307144426292707,0.10051115368092717,43.06696677323109,C1,NA,NA
0.6403831588984453,0.11758525659573316,41.75657657803414,C1,NA,NA
0.6108831551638336,0.08364510486842573,41.44240781397104,C1,NA,NA
0.6088209377110946,0.0966557402843906,42.87149176658318,C1,NA,NA
0.632164407178703,0.1017568330961261,43.014816096180716,C1,NA,NA
0.5987199037716405,0.10351574777631256,42.83908791758816,C1,NA,NA
0.6342622634518784,0.10883580305094764,42.745047175960636,C1,NA,NA
0.5851754576375808,0.09813700033278762,42.49155931674322,C1,NA,NA
0.6063170154517179,0.11657670728677301,42.413413520011474,C1,NA,NA
0.5627559282423442,0.11923664436881062,38.80665781529569,C1,NA,NA
0.5892342419377424,0.1035906211433709,42.76100961944563,C1,NA,NA
0.5982800156306056,0.10598253099057778,42.896123194953084,C1,NA,NA
0.5975665469468848,0.10113280134414399,40.67777159384683,C1,NA,NA
0.5995301663476764,0.09306444127918398,42.84541465076861,C1,NA,NA
0.6289937114983928,0.09476809647150629,42.749917173862336,C1,NA,NA
0.6191910898507468,0.11627057552359316,42.37901264672371,C1,NA,NA
0.5810098340395987,0.11337842221419261,41.62261022302023,C1,NA,NA
0.6319404232389226,0.09553898342011866,42.69474284978756,C1,NA,NA
0.6166381103037731,0.09469135563497988,43.2638273603388,C1,NA,NA
0.6075489883298111,0.1173063478428394,42.35942277187346,C1,NA,NA
0.5843096574242479,0.08820192349889697,41.38609753450316,C1,NA,NA
0.6226480324884295,0.1328201170954763,39.672320518486636,C1,NA,NA
0.6089654789374292,0.11471957391561788,42.63878386898996,C1,NA,NA
0.5515870113542701,0.11451802287163598,35.97387995985304,C1,NA,NA
0.6071517634281551,0.10509330718220009,41.40279651003264,C1,NA,NA
0.6145549519288759,0.11433999904558151,42.73279638311572,C1,NA,NA
0.6255947782666951,0.09986102217173816,41.019508630109314,C1,NA,NA
0.6082205697312384,0.10187251652015028,43.368025252275785,C1,NA,NA
0.5965855987590473,0.11483304633113757,41.93612581657734,C1,NA,NA
0.6124746920109696,0.12146551216737701,39.93016301618544,C1,NA,NA
0.6061795219350942,0.10972693692425871,42.98193486097703,C1,NA,NA
0.5902848711701397,0.11331497312537796,41.96261208973788,C1,NA,NA
0.6233243504304677,0.09423926186220635,42.84825230415925,C1,NA,NA
0.5983628735833885,0.09305952151082035,42.65361926863436,C1,NA,NA
0.6255659139447974,0.0882901108179069,42.30639391532313,C1,NA,NA
0.6389692581487849,0.12443683420327632,39.86179724147664,C1,NA,NA
0.6126916737636909,0.11252609551816477,42.648478296152206,C1,NA,NA
0.6049841173874884,0.10067639265657435,42.5905223779806,C1,NA,NA
0.6373415384653777,0.10689767983633697,42.697716506366675,C1,NA,NA
0.6553477415343805,0.09717696379101907,39.89610764391267,C1,NA,NA
0.6042472269440242,0.09152550557753189,42.893018523752666,C1,NA,NA
0.5959058449390391,0.1105140066027434,42.57268905951778,C1,NA,NA
0.6017948841726116,0.09010474457938092,42.70792883132731,C1,NA,NA
0.6301331149981848,0.11175374340395819,41.13389027144672,C1,NA,NA
0.6427397069464409,0.09676625800358017,42.04715832309685,C1,NA,NA
0.5623600933750625,0.11004278140306559,38.16947563841562,C1,NA,NA
0.5861038088265043,0.1005952297334866,42.56122283128083,C1,NA,NA
0.6207119778742017,0.1201422108891173,41.03957575850171,C1,NA,NA
0.6167628005040372,0.10408069545310471,42.34341958349065,C1,NA,NA
0.5897968576526871,0.09633690846558407,42.32913755858184,C1,NA,NA
0.6172234709644505,0.10621710558742853,42.02276696215296,C1,NA,NA
0.6155234286441145,0.11072495852731712,42.111071218642586,C1,NA,NA
0.6119340119376006,0.10077190693650692,43.50277693870876,C1,NA,NA
0.610243917005582,0.09086468987022421,41.356220995116544,C1,NA,NA
0.6036800321869429,0.11075855088311579,42.738540663647754,C1,NA,NA
0.5927112248685269,0.10123963211038825,42.99343773221303,C1,NA,NA
0.6324330898490566,0.10487983561719041,43.022529215130945,C1,NA,NA
0.6135873639350032,0.10605978662400942,43.370660722174605,C1,NA,NA
0.6303266293490724,0.10775127801787868,42.866090515574314,C1,NA,NA
0.6255659139447974,0.0882901108179069,42.30639391532313,C1,NA,NA
0.5975101793848397,0.10761080489219295,41.07899727262882,C1,NA,NA
0.624377384632393,0.09791191312513443,43.281630737968875,C1,NA,NA
0.6245924133493864,0.11420061155996919,42.245110374228744,C1,NA,NA
0.6533046961740668,0.10443362301755416,41.610576176640606,C1,NA,NA
0.6240396542176723,0.09482328319170974,43.17373636840845,C1,NA,NA
0.6045990539226836,0.10398742407425789,43.27762830686485,C1,NA,NA
0.6172843438811362,0.10732750561319954,43.220356196512576,C1,NA,NA
0.57849086313964,0.10710141544919811,41.452546701939916,C1,NA,NA
0.6482757611500531,0.0973360972708058,41.050586260930594,C1,NA,NA
0.615465613482305,0.10094760017715448,43.12206403859457,C1,NA,NA
0.6131747038986392,0.11871013294829598,41.726855103487594,C1,NA,NA
0.5858428398934471,0.10783669396842034,41.93374663418251,C1,NA,NA
0.613786361580537,0.1229637961214847,40.55559874384309,C1,NA,NA
0.6136213256757297,0.09514190498264836,40.8131688455462,C1,NA,NA
0.5884900526757236,0.09047194906497036,41.24563919475836,C1,NA,NA
0.6181339278032564,0.09660880173532335,41.51318893625137,C1,NA,NA
0.6175787910863704,0.09832382561396695,41.081583370098016,C1,NA,NA
0.5496167924494652,0.10591860400824529,37.85325934592139,C1,NA,NA
0.5663292323801922,0.10603115706191765,40.63126491447406,C1,NA,NA
0.5859944816756525,0.13280554963033994,39.30646724888595,C1,NA,NA
0.6219305844147665,0.12946780056567642,40.36621697451369,C1,NA,NA
0.6228674982589166,0.11361355336681131,41.137554797159936,C1,NA,NA
0.5862956923811442,0.1050761288678219,39.54393573161922,C1,NA,NA
0.614244608401357,0.09824033002210368,43.106868976528624,C1,NA,NA
0.587860058796584,0.10676626174523272,40.35211361701617,C1,NA,NA
0.615305148186853,0.09075103380281356,42.03837983789324,C1,NA,NA
0.5992121680863574,0.08553222915645661,39.02542054847133,C1,NA,NA
0.611417753981385,0.08914993839953128,42.57375377589622,C1,NA,NA
0.595516950167816,0.13008579391886055,40.20888345737186,C1,NA,NA
0.6016861125750912,0.10462589436128074,43.25510027020326,C1,NA,NA
0.5960305825455144,0.08987303035281888,42.416996515525724,C1,NA,NA
0.5832506618105,0.10791089108635832,40.09859925635958,C1,NA,NA
0.6078794776610975,0.10696961399100911,42.899773486730574,C1,NA,NA
0.577483523447934,0.10498992400654751,41.75204170738215,C1,NA,NA
0.6103891738351325,0.09209861008207587,42.674054517373946,C1,NA,NA
0.5779828421856102,0.1166485681997819,40.91432241508345,C1,NA,NA
0.6211557953479058,0.10768749717346211,43.23165238247726,C1,NA,NA
0.6134339680270946,0.12441736416607897,39.82431895907749,C1,NA,NA
0.6153645964451927,0.10446296839170391,43.13150907050287,C1,NA,NA
0.6134600125115942,0.090821575555063,42.55253906493228,C1,NA,NA
0.5809086677862619,0.11086638203187198,41.81291827760311,C1,NA,NA
0.6390804653670074,0.08486820318270889,40.62092774068942,C1,NA,NA
0.6140760284691201,0.09773239903340372,41.86793036860859,C1,NA,NA
0.6186105699940805,0.09847642002474427,42.20837958432233,C1,NA,NA
0.5910811949805829,0.08870986216409407,41.8183546755334,C1,NA,NA
0.6218003153537112,0.10719441269504956,43.02499103767193,C1,NA,NA
0.6229867489914761,0.10567530574763408,42.749893721182445,C1,NA,NA
0.5927405418479245,0.11292387353466726,41.64172056983881,C1,NA,NA
0.6199681396775378,0.08950621629254418,42.579720702792166,C1,NA,NA
0.6338848565546874,0.09089677446510709,40.10031616844957,C1,NA,NA
0.6112498961327163,0.10389259410391277,41.93779411366362,C1,NA,NA
0.595055952277421,0.1054418847921458,42.87930546795776,C1,NA,NA
0.6048709009446726,0.09435365953599598,42.55771751036171,C1,NA,NA
0.6369635443510431,0.11231925203659703,42.33261746174119,C1,NA,NA
0.6373602853778395,0.10632002947284644,42.739332553335515,C1,NA,NA
0.6028506554310706,0.10880971815154038,42.798132522221216,C1,NA,NA
0.6196277140436047,0.10634757468672287,42.657154034990846,C1,NA,NA
0.6302002157625595,0.10909980976977456,42.64582005436028,C1,NA,NA
0.6254654973112964,0.10682132746620451,43.152708559309794,C1,NA,NA
0.6195104195047668,0.09669387050667021,43.34266125359743,C1,NA,NA
0.5855115528816299,0.10640147245961575,40.762528124285396,C1,NA,NA
0.5761498301684741,0.11953516635618916,39.3331441535059,C1,NA,NA
0.5921357159562366,0.10454126672626873,42.613985327400414,C1,NA,NA
0.6185235340472102,0.09455819994783553,43.1455437609611,C1,NA,NA
0.6195542831371508,0.12580301175968742,40.779345684893,C1,NA,NA
0.6340505077328532,0.0938891021893143,42.332533255412116,C1,NA,NA
0.6080492721747683,0.08773615672193523,41.21591054863343,C1,NA,NA
0.6134385410231199,0.08094757417334106,40.20609101390009,C1,NA,NA
0.6393996399968418,0.09579136732574141,40.47617780922099,C1,NA,NA
0.5949121637648245,0.10074771185138376,42.58543718364953,C1,NA,NA
0.6373655178359195,0.11114478390245297,41.552422916150434,C1,NA,NA
0.5865651631989833,0.12399583068967836,40.615846138916744,C1,NA,NA
0.6317653153364755,0.10005319950011331,43.06544621779769,C1,NA,NA
0.618722938509581,0.08896936167769134,42.036154535035536,C1,NA,NA
0.5890386851938378,0.12382659011697798,37.80166310677599,C1,NA,NA
0.6361786975715722,0.10063471713343082,42.55925305900208,C1,NA,NA
0.6145639628367248,0.10748691138814043,43.296409804735745,C1,NA,NA
0.6354809473123998,0.11235550032137152,42.34218444671717,C1,NA,NA
0.6201778135894912,0.0998485207954301,43.30395618387465,C1,NA,NA
0.6259662596508733,0.09777921582612399,43.26685870035493,C1,NA,NA
0.6372249064121955,0.10205974299176385,42.76190449053737,C1,NA,NA
0.6107157608218183,0.11028446690596924,43.074811907075244,C1,NA,NA
0.6189291000655729,0.1019623621658205,42.94457160131848,C1,NA,NA
0.6356004541991092,0.09878927360135417,41.86109634819887,C1,NA,NA
0.6283863684695751,0.11780720827408032,42.115639009164326,C1,NA,NA
0.5904965884452534,0.11769083903319676,41.66255551880028,C1,NA,NA
0.6086764645096068,0.10640261024228666,43.197716383127755,C1,NA,NA
0.5926698132112849,0.09045510635446342,42.37281503892892,C1,NA,NA
0.5846338203093974,0.09854209193604614,42.41515234296473,C1,NA,NA
0.601496026817034,0.09713873382938039,43.18199921538595,C1,NA,NA
0.641189553224874,0.12122657698370072,40.628797867577234,C1,NA,NA
0.6080437229999074,0.10044799819351859,42.342717845417,C1,NA,NA
0.6284606170993181,0.0973778232556989,42.300713051716585,C1,NA,NA
0.6210413966426221,0.0928748142957249,42.9941135339903,C1,NA,NA
0.5922370792409798,0.10909605589815853,42.14608586666087,C1,NA,NA
0.6147420810179878,0.1269894702887101,40.91161398821126,C1,NA,NA
0.6278405492062965,0.10370412366772193,43.18618239846724,C1,NA,NA
0.655303392612914,0.12334667222638333,40.22056496292321,C1,NA,NA
0.615350467354501,0.09966700570190486,41.79588942263769,C1,NA,NA
0.6474295021550106,0.10470436374176473,41.21085200153674,C1,NA,NA
0.6289635800577528,0.10118726697553496,43.21513823545871,C1,NA,NA
0.5972879529597018,0.0862832999047336,41.33832848727989,C1,NA,NA
0.6505454575996752,0.09481192262477428,41.21177554432175,C1,NA,NA
0.6274495056190351,0.0994631664881483,41.921346734080196,C1,NA,NA
0.5803235189725882,0.10973259877382432,41.838581490820424,C1,NA,NA
0.5925167366177553,0.1304265750666231,39.55310995825216,C1,NA,NA
0.6309748501698031,0.11012256509204504,42.747520079804225,C1,NA,NA
0.6039029141324422,0.0938817669949876,42.95311527059453,C1,NA,NA
0.6593413649362455,0.12560049538607426,39.62296877406716,C1,NA,NA
0.596338373512042,0.09010689753354546,42.51645675597328,C1,NA,NA
0.6033117145866139,0.08937669274682607,42.668381060505375,C1,NA,NA
0.6096518030319094,0.10443319479822913,42.94363222158159,C1,NA,NA
0.6378787745813199,0.1115985233882074,42.39034229939234,C1,NA,NA
0.6062434910271942,0.10627118592068918,42.24086907065522,C1,NA,NA
0.6183879166325364,0.10156943518623829,41.694130738866356,C1,NA,NA
0.6022076204826492,0.10111171453133755,42.735344024461824,C1,NA,NA
0.626645886299582,0.08336356179389956,41.08620620129082,C1,NA,NA
0.6179541764034071,0.10781408165719807,42.877044522897165,C1,NA,NA
0.5886688408337553,0.09394843488709613,42.43503057492322,C1,NA,NA
0.6202232854238248,0.13036980993578867,39.78246173022319,C1,NA,NA
0.6484673585013736,0.08276023965115266,38.97670814813544,C1,NA,NA
0.6495608364513111,0.10351970406497586,41.480067585254076,C1,NA,NA
0.6063289883050499,0.1082712011231742,43.041718244792385,C1,NA,NA
0.5896998416803495,0.10001436972522702,42.66739649955574,C1,NA,NA
0.6061193130664795,0.09711285913336164,43.40131304165398,C1,NA,NA
0.5918364601003232,0.07979812924562546,39.554077802804244,C1,NA,NA
0.6044765884730215,0.12501005555944295,39.92909007607587,C1,NA,NA
0.5989464432840773,0.12253819402638184,41.47769418068075,C1,NA,NA
0.6412592775856166,0.11830217514415971,39.67034273495116,C1,NA,NA
0.5934495833688185,0.10785014542656066,41.93031682779968,C1,NA,NA
0.617514804001499,0.08659370379907826,42.22812989239989,C1,NA,NA
0.6196501360572294,0.07584733988886588,38.49258177269298,C1,NA,NA
0.6220260509084445,0.1168309122543043,42.27466468711406,C1,NA,NA
0.602746050532499,0.08233523282176351,40.943732502871114,C1,NA,NA
0.6165087221168576,0.11661319636495125,42.39549365250813,C1,NA,NA
0.596159526251752,0.13215169206160543,39.96829542768854,C1,NA,NA
0.6572714396195221,0.11355301740976825,40.948407027706104,C1,NA,NA
0.6142898644404818,0.0901686300293316,42.87078661228878,C1,NA,NA
0.5944283321653133,0.11164661521682614,42.158461434521286,C1,NA,NA
0.6178332971221974,0.1140238668080262,42.73146513632826,C1,NA,NA
0.6095646336008769,0.093496346983094,43.212189802358296,C1,NA,NA
0.5818323872147548,0.1208053700376217,40.87413507748518,C1,NA,NA
0.5971615255747865,0.10629535598421612,42.966774676183334,C1,NA,NA
0.5778924253073126,0.10275329399808592,41.829335231042215,C1,NA,NA
0.6276854802282952,0.09939727102117213,43.20677611782796,C1,NA,NA
0.6050742423814371,0.11559265039859935,42.34472118157269,C1,NA,NA
0.6016484556375431,0.093569246175013,43.042739223220494,C1,NA,NA
0.623126176077174,0.09630355564653538,41.866689235174945,C1,NA,NA
0.6040044054172687,0.10951004394681467,41.348017224199594,C1,NA,NA
0.612448989604574,0.10765984372339027,42.97654351187894,C1,NA,NA
0.6269106507991783,0.10099264801942437,42.81425702671052,C1,NA,NA
0.588158752941024,0.09426580250535889,42.20770788752882,C1,NA,NA
0.6236734717641063,0.09682936275749746,43.20615971188502,C1,NA,NA
0.6101129263050701,0.12109372781490907,41.78802389623336,C1,NA,NA
0.5983274130671025,0.11244966830891906,42.21926423692033,C1,NA,NA
0.6021145825941254,0.09162571407611475,42.921968111460934,C1,NA,NA
0.6544075481861992,0.10664575316763443,40.958748879358204,C1,NA,NA
0.6099001602561385,0.09020079061644919,42.69040316782361,C1,NA,NA
0.6286979595531104,0.1021280220012904,41.90531330222234,C1,NA,NA
0.6216669294409651,0.10323002344690323,43.20355646176883,C1,NA,NA
0.6010441315153184,0.09675534517680381,41.1890426339893,C1,NA,NA
0.6252584040903276,0.08981874474976742,42.05297168934258,C1,NA,NA
0.6222609209392878,0.10919073606222607,42.302358067974666,C1,NA,NA
0.64033732305411994,0.0927361682543765,41.94668097550627,C1,NA,NA
0.6395713939141637,0.09367884360377915,42.152545662239675,C1,NA,NA
0.6197394026039692,0.10587356286199734,42.101243338821774,C1,NA,NA
0.6306825565685495,0.1262186640409697,41.024345738510235,C1,NA,NA
0.6283656405039958,0.11022214589276909,42.8640606646696,C1,NA,NA
0.6236518217377927,0.10420595052762857,43.31807657494285,C1,NA,NA
0.6358360668050974,0.09344618412692782,42.383233060942196,C1,NA,NA
0.6243707213769654,0.09643993664692636,42.95373609047458,C1,NA,NA
0.5888345658277576,0.10997439767981813,42.07774370997096,C1,NA,NA
0.617791249526233,0.09297942205420302,41.59945914018286,C1,NA,NA
0.6117319793644808,0.10158648502443449,43.249295637270336,C1,NA,NA
0.639911300457641,0.11803221035467162,41.620805760059966,C1,NA,NA
0.6310229544982766,0.096019707265762,42.50076138532431,C1,NA,NA
0.5932147724145649,0.11829264267445967,40.85799309397404,C1,NA,NA
0.6310023595161626,0.10839290924841691,42.08906564785601,C1,NA,NA
0.6232064875712471,0.10292789027506978,43.34967324338821,C1,NA,NA
0.5595806351341149,0.11173232631836669,39.089777957137294,C1,NA,NA
0.5866394118387874,0.09914589979278024,41.97664961489944,C1,NA,NA
0.626695481141102,0.1003953450777523,43.1324297387235,C1,NA,NA
0.6409569388384133,0.09482193362681567,41.4938186961124,C1,NA,NA
0.630637612441324,0.10829386826864061,42.91858704425166,C1,NA,NA
0.6410799679918617,0.09947722266132943,42.44638509109252,C1,NA,NA
0.5967994034798253,0.10468264034769607,43.09972004101841,C1,NA,NA
0.6388270555982275,0.09798295047805405,42.580395030210966,C1,NA,NA
0.5962396414807383,0.10212918644836536,42.88330234475284,C1,NA,NA
0.6387471497780672,0.11529942010562488,41.8860853596652,C1,NA,NA
0.6002665527219794,0.12815263371038685,40.72036670252983,C1,NA,NA
0.6220074378175618,0.09959278283604746,42.72534222287879,C1,NA,NA
0.6374450295460813,0.10923263865040223,42.44682317182633,C1,NA,NA
0.6208920391992627,0.11613165774287729,41.42446536229099,C1,NA,NA
0.6438908544718904,0.10130169072793085,42.233094539214626,C1,NA,NA
0.6330266581086799,0.10198076469563289,42.50263627235605,C1,NA,NA
0.6072791472832171,0.10303817432611084,43.42713044259189,C1,NA,NA
0.6442293136371845,0.12052514184970901,40.65052037681112,C1,NA,NA
0.6140980346743485,0.10767205621674464,41.326399313599154,C1,NA,NA
0.623604155717153,0.09911093683020186,42.74263998056393,C1,NA,NA
0.5801826942172488,0.1151971681626468,40.61478802737665,C1,NA,NA
0.6064295589261508,0.12613030339514064,39.0045980284604,C1,NA,NA
0.5790106362232029,0.10523964861935281,40.360119413717186,C1,NA,NA
0.6366969624021787,0.13220108240260048,38.89878379690318,C1,NA,NA
0.6116229327134312,0.10491663079640129,41.800851173524734,C1,NA,NA
0.6356186081761633,0.09424036216581252,42.56678849280999,C1,NA,NA
0.5958482397239201,0.10315039046403114,42.84766912451555,C1,NA,NA
0.6353211265914968,0.08727819554718252,41.531586866739175,C1,NA,NA
0.6444583470890749,0.09074112592649466,41.06829902563288,C1,NA,NA
0.5825038128131594,0.10494065190140003,40.72346429457361,C1,NA,NA
0.6121698770946652,0.11340783901091103,42.8184342052891,C1,NA,NA
0.5771217278559949,0.12891153461267899,39.504579643758916,C1,NA,NA
0.5762827450593316,0.09212436474717495,41.16270179477154,C1,NA,NA
0.620860209787456,0.0990764200765015,43.42636869053446,C1,NA,NA
0.6271860220427702,0.12227579820682324,41.482565867381005,C1,NA,NA
0.6078794776610975,0.10696961399100911,42.899773486730574,C1,NA,NA
0.6179246183542055,0.0964894838607199,42.86321662309245,C1,NA,NA
0.607800734256594,0.12571803749661614,41.23957215206907,C1,NA,NA
0.6073256173762278,0.10068513470213633,43.341321780339655,C1,NA,NA
0.6139543830425437,0.10000943438543539,42.16306329498198,C1,NA,NA
0.5777466622535006,0.08772940442443625,40.646699967520355,C1,NA,NA
0.6050326395004701,0.09707214140974738,43.38104607253664,C1,NA,NA
0.6050480663939007,0.10401203510580287,43.37445378550426,C1,NA,NA
0.6143718459227231,0.10250377766028687,43.485913111110435,C1,NA,NA
0.6050227098111598,0.1055606823221998,42.83241844922635,C1,NA,NA
0.6328325415304359,0.09833012786314585,42.145881972690724,C1,NA,NA
0.5882082748194762,0.11474379550487072,41.96620645481608,C1,NA,NA
0.6359038194499931,0.10077320075712633,42.69874686696221,C1,NA,NA
0.5839644997637045,0.11128242832238724,41.39683597850778,C1,NA,NA
0.6100439540751074,0.1108461108251546,43.02264536666889,C1,NA,NA
0.6527015770695054,0.10390989671061208,41.648963049534416,C1,NA,NA
0.6605256386430935,0.10810937702466994,40.82941677478322,C1,NA,NA
0.6035191857583662,0.10057220040483596,43.40491833886791,C1,NA,NA
0.6275190020009981,0.11665235354494058,42.305186085907785,C1,NA,NA
0.612828774581275,0.10003338506179735,43.36637929633258,C1,NA,NA
0.6041743428908939,0.11084611134428052,42.9068078412505,C1,NA,NA
0.5961433827131342,0.09683918251194773,41.2412585815398,C1,NA,NA
0.599089216067316,0.10612525231259982,43.02607081364521,C1,NA,NA
0.6251691026718585,0.0915224028202262,42.4799199248555,C1,NA,NA
0.647488679424939,0.10219438811271467,42.00233407948822,C1,NA,NA
0.6160012263252407,0.09989604609274266,43.51308012663925,C1,NA,NA
0.6112355971811615,0.109782424414272,43.06763751059505,C1,NA,NA
0.6225131519609161,0.11248550429285867,42.851614332110515,C1,NA,NA
0.6297759708227548,0.09355615022418591,42.76334785101709,C1,NA,NA
0.6188697590416085,0.09639487443813236,43.27884478986036,C1,NA,NA
0.617980145253985,0.10581762855317378,42.82652986568025,C1,NA,NA
0.5807408932441588,0.1167150266632193,40.5198195211479,C1,NA,NA
0.6187284855161416,0.10670415188283439,43.29540855726381,C1,NA,NA
0.6062422377657377,0.08358410241514239,41.50795196060096,C1,NA,NA
0.6282189797002201,0.10932798054179299,42.957659036270414,C1,NA,NA
0.6338948406191709,0.09727258536952256,42.765564664818484,C1,NA,NA
0.621651857430821,0.10653040239187117,42.3533441391396,C1,NA,NA
0.6264874730811311,0.08552701321155252,40.49344597674363,C1,NA,NA
0.6293364170269989,0.09996019826827406,42.65913329307089,C1,NA,NA
0.6033167830536629,0.09708638839268141,42.42519736370839,C1,NA,NA
0.667726712385968,0.0983561349980098,39.59876766460986,C1,NA,NA
0.6182862508065838,0.09295126142636584,43.02637371270491,C1,NA,NA
0.6035466374664133,0.10866776538208223,42.981357349148055,C1,NA,NA
0.6205433723378442,0.10042523393254082,43.25861422326615,C1,NA,NA
0.6190041369778968,0.09088908729397366,42.36298211684274,C1,NA,NA
0.6142595247538701,0.09529655604095492,43.13777234106484,C1,NA,NA
0.6338898163095261,0.11295290142575244,42.37194147339271,C1,NA,NA
0.5907280933164402,0.11114818592272703,42.302919175685496,C1,NA,NA
0.6235479483362821,0.09602706979564306,43.14145947809138,C1,NA,NA
0.6300588698787435,0.1004959304990099,43.16414459179698,C1,NA,NA
0.5853575587067203,0.10925846987599969,39.03946762197329,C1,NA,NA
0.5403633169824462,0.10984881265010887,35.495892521828445,C1,NA,NA
0.6263838783143618,0.10785226587783348,43.095859075065306,C1,NA,NA
0.5989383533533341,0.0986059062956858,40.09526171443827,C1,NA,NA
0.6151155704772782,0.08468771682902063,41.77869049956484,C1,NA,NA
0.5789617551434965,0.10343133941785335,40.05101622815139,C1,NA,NA
0.5813892307036592,0.10667016687622888,40.98262004714198,C1,NA,NA
0.6008468459209455,0.10166456266767143,42.30837537633468,C1,NA,NA
0.6056414100620447,0.11305193177733165,41.33610657470966,C1,NA,NA
0.6161664377877046,0.10079139331958718,43.51339429489184,C1,NA,NA
0.6099739066746894,0.11470125786131076,42.22063124143386,C1,NA,NA
0.6061330871903978,0.11070865529818177,41.465667890456025,C1,NA,NA
0.6057356250390511,0.09674267201422325,43.38363741448788,C1,NA,NA
0.6055692061362675,0.09887103310622598,43.383505345930374,C1,NA,NA
0.6119028835894815,0.09138371979951715,43.000966753952625,C1,NA,NA
0.665393373268317,0.12661622262648112,38.96272890898404,C1,NA,NA
0.6174104137441413,0.09494894506908891,42.326405138199135,C1,NA,NA
0.614012618078633,0.11419461300609911,42.75201282925119,C1,NA,NA
0.6005386581839898,0.0992747249349426,43.260815556628764,C1,NA,NA
0.589987332169176,0.097163383381408,42.762650669300804,C1,NA,NA
0.5833252405804545,0.10415203479336292,42.18747533553861,C1,NA,NA
0.577291176102274,0.08909450989933299,38.5459384092049,C1,NA,NA
0.6126826722769863,0.12530027403540725,41.35315338365359,C1,NA,NA
0.6085054841845566,0.10297675167868893,43.21399405994952,C1,NA,NA
0.6122980525431085,0.10825353719001218,43.18931214329006,C1,NA,NA
0.6096972104062476,0.09454986460264356,43.31737442663246,C1,NA,NA
0.610327683613776,0.09373236329941034,43.08139023619576,C1,NA,NA
0.5991160881330542,0.09765195983080546,43.231868053873484,C1,NA,NA
0.6186105699940805,0.09847642002474427,42.20837958432233,C1,NA,NA
0.6217157703656763,0.09118712877569424,42.89147829596087,C1,NA,NA
0.5922904390128265,0.10286596191342195,42.179625520576494,C1,NA,NA
0.5708270321841358,0.11057495245950905,40.58675102188004,C1,NA,NA
0.5595806351341149,0.11173232631836669,39.089777957137294,C1,NA,NA
0.5985990854311339,0.12122350155412226,40.885755080976224,C1,NA,NA
0.6201153461116033,0.10291574465521738,41.263655014682804,C1,NA,NA
0.6594624026094346,0.12712621898836807,39.14990999641574,C1,NA,NA
0.6209673939777957,0.11181174613818969,42.15065142769273,C1,NA,NA
0.6072384008329501,0.09288924418745839,37.16405862262853,C1,NA,NA
0.6178459509412105,0.12613738959854923,41.23701338495586,C1,NA,NA
0.6528739796844377,0.0933495821657199,40.9423339520685,C1,NA,NA
0.6204605432158591,0.08850595454273752,42.35684364910678,C1,NA,NA
0.627958541770386,0.10631928744727007,43.11270069748038,C1,NA,NA
0.5918474554089024,0.09481804301770394,41.041012070198455,C1,NA,NA
0.5885251507177903,0.10582281925176346,41.48631282699371,C1,NA,NA
0.5992278745288668,0.09941594918670678,43.193764228684024,C1,NA,NA
0.6236805883353814,0.10621254684321021,43.26124090411562,C1,NA,NA
0.5778584628529758,0.12156542329117519,40.28626732378303,C1,NA,NA
0.6001167237849306,0.10044684472888538,42.223141896520175,C1,NA,NA
0.6531577604884884,0.10108296930961429,41.48284658508621,C1,NA,NA
0.655061453659049,0.11765061919291825,39.92217754918423,C1,NA,NA
0.5972551258501864,0.08869289539706446,41.618268996903694,C1,NA,NA
0.6260703110593715,0.11320591965904833,41.507251860078014,C1,NA,NA
0.6308579021539749,0.1149306251401031,40.775045326488126,C1,NA,NA
0.5785237956204288,0.10501850173430136,40.16166895291596,C1,NA,NA
0.5922836923324122,0.11402541303896926,41.42198598210746,C1,NA,NA
0.6070289906108555,0.11174870603686354,42.3791170340087,C1,NA,NA
0.5943069623272909,0.09921943152220647,42.54403282028801,C1,NA,NA
0.6205193995065431,0.09225167816054523,42.965851192808195,C1,NA,NA
0.5941425997075266,0.10363340057587267,42.9222258240184,C1,NA,NA
0.5949673088806872,0.09230229200993997,42.66123326351207,C1,NA,NA
0.6186854199361852,0.09070613323939757,42.79627769014325,C1,NA,NA
0.636522548032664,0.09972655260107226,42.71083305154713,C1,NA,NA
0.6105728562604266,0.0935608915259256,43.12650737176707,C1,NA,NA
0.6039314107527164,0.11497959224811896,42.494421539926975,C1,NA,NA
0.6310776809319405,0.112891809378108,42.5988600103001,C1,NA,NA
0.6307717063032495,0.08670582166331245,41.40378110742034,C1,NA,NA
0.6312028225784021,0.11005670439766939,42.71737523854139,C1,NA,NA
0.6351366528316695,0.10601611063268312,42.82551386014842,C1,NA,NA
0.6039649864967005,0.09541762280390838,43.282855986919415,C1,NA,NA
0.6300954289520364,0.09965292476727712,41.11902490929744,C1,NA,NA
0.5810879066059219,0.11318214523664766,41.624503827114296,C1,NA,NA
0.5720146065007601,0.09724656906342566,41.270818566181674,C1,NA,NA
0.6421993892075201,0.10709968368431999,41.751431891861166,C1,NA,NA
0.5988156359133531,0.11490922436674031,41.98177238046266,C1,NA,NA
0.5634674447017008,0.1167938178628998,39.83270596640465,C1,NA,NA
0.62086794135533,0.1156365855332993,42.4185378843707,C1,NA,NA
0.5905223720107505,0.10309875687315963,42.820059746469425,C1,NA,NA
0.5929339794975146,0.0889783166482743,41.97814552390035,C1,NA,NA
0.6127920261039086,0.09125143889353544,43.005247172798576,C1,NA,NA
0.6385320201764836,0.09300101803201115,41.01753597927146,C1,NA,NA
0.6213700062633967,0.10815640138268258,41.50712786625401,C1,NA,NA
0.6124492740482566,0.09772844903442066,42.90275148834726,C1,NA,NA
0.6070808984159601,0.10890639602119101,42.99878302920325,C1,NA,NA
0.5931173768525188,0.10226787272970883,43.00245025837281,C1,NA,NA
0.6266679605963738,0.10775192527194298,43.10172264473228,C1,NA,NA
0.5836636291547612,0.10500329786144658,42.3352007406849,C1,NA,NA
0.6185491826499724,0.09877179226307488,42.68415363292965,C1,NA,NA
0.6300365563762548,0.09765483815523444,42.84363327259489,C1,NA,NA
0.6155519769153794,0.0893490909349017,42.74908482909425,C1,NA,NA
0.6063426797619361,0.10199371597367814,42.455258962829134,C1,NA,NA
0.5742776038639508,0.11044307491143464,41.360355477308524,C1,NA,NA
0.6291289374865003,0.1178037305040166,41.042709322890396,C1,NA,NA
0.5813945254849991,0.10180837853160704,42.253084448067916,C1,NA,NA
0.6145657202742759,0.11116528038554944,41.953342931752175,C1,NA,NA
0.5921335150395128,0.10062448870459388,42.883042314966154,C1,NA,NA
0.5514455291879494,0.1059810472300789,38.63594002219734,C1,NA,NA
0.5617816296516739,0.10898381381967019,40.143065057470565,C1,NA,NA
0.62061626062058906,0.11305966357043379,42.7546989840006,C1,NA,NA
0.6571510574358803,0.09923346525446444,41.00397778282438,C1,NA,NA
0.6207233175678604,0.10128061503399467,43.25346494195944,C1,NA,NA
0.6096616908506675,0.10561831958855823,42.895778269304216,C1,NA,NA
0.6531021276152646,0.10768578288158179,41.48725271536053,C1,NA,NA
0.5682957412289875,0.10759997698151333,39.55868695170802,C1,NA,NA
0.6001937591707097,0.09754840528608526,43.24707758884941,C1,NA,NA
0.6121367395103132,0.09732176346295282,43.31642526488872,C1,NA,NA
0.5700104997639128,0.09622128519995056,40.91993667130053,C1,NA,NA
0.6239934795757456,0.09041115972821408,42.718450012123796,C1,NA,NA
0.6089878703207656,0.08501403557219364,41.91351569527698,C1,NA,NA
0.6049254200966288,0.09489528026130735,42.63567967423538,C1,NA,NA
0.5956457290914948,0.09650196480294344,43.03273073064923,C1,NA,NA
0.6306840169769936,0.08999562669002079,42.35460807097009,C1,NA,NA
0.6094156688392817,0.1045421429316952,42.400461545541305,C1,NA,NA
0.646236422023218,0.09985036066668172,41.77749419759944,C1,NA,NA
0.6551714604892416,0.10851600812827328,41.37522558160831,C1,NA,NA
0.6373649647118248,0.09933594445783901,42.75807332418055,C1,NA,NA
0.571385914718247,0.10526246040951567,41.184995226993756,C1,NA,NA
0.6034894503763771,0.10775456513827084,42.39117568949198,C1,NA,NA
0.6197224672823308,0.10043977509690588,43.05471195332276,C1,NA,NA
0.6019599028053417,0.09800036055656587,43.316794014143916,C1,NA,NA
0.6565661421607892,0.12441991619999244,40.00134505380875,C1,NA,NA
0.6069018168567797,0.09046023429853042,42.59284087697877,C1,NA,NA
0.6085243535028138,0.12402001488500182,41.34950324602343,C1,NA,NA
0.6009605779827267,0.08829032642832803,42.40432557093048,C1,NA,NA
0.616263408820648,0.10608698999776067,42.865958328654415,C1,NA,NA
0.6410023229354181,0.0955026362264673,42.03713180144618,C1,NA,NA
0.6084462004872981,0.1039366168458116,43.36473941209404,C1,NA,NA
0.6506980040939765,0.11622951818842134,41.18228414881056,C1,NA,NA
0.6302494190910284,0.10906795428600755,42.09020684862426,C1,NA,NA
0.5747948899302346,0.10695050814029419,41.582023873801305,C1,NA,NA
0.6071536354510928,0.09828636892095274,43.08978772716542,C1,NA,NA
0.6044672524932825,0.10371027028674923,41.896813487180246,C1,NA,NA
0.6274237797702134,0.12291546852778715,41.55882362031683,C1,NA,NA
0.5853412735791691,0.10053320446312489,39.24211946487975,C1,NA,NA
0.6411359304897959,0.1176081295138838,41.699195572032615,C1,NA,NA
0.5986297767287925,0.10202015097815711,42.13598003624965,C1,NA,NA
0.623827036500921,0.09857379700503213,43.341520695019824,C1,NA,NA
0.5868873335402466,0.09984347464372345,41.66999459207676,C1,NA,NA
0.5916259618638636,0.10055052751597043,42.92695368668969,C1,NA,NA
0.6575755548877268,0.10281150249530974,40.197277985189245,C1,NA,NA
0.5683494175839441,0.09246925914057076,39.541410018166744,C1,NA,NA
0.6234242684090225,0.10206685620295856,42.75502678214566,C1,NA,NA
0.601726468069942,0.09705657176745304,43.20047091003778,C1,NA,NA
0.6103692968966049,0.10209730638323476,42.989107931825906,C1,NA,NA
0.6488262099860886,0.0936677164595915,41.03948660429186,C1,NA,NA
0.5882883415505586,0.1021679166232268,41.92413344613361,C1,NA,NA
0.589646227296404,0.10421737070945243,42.26165238818798,C1,NA,NA
0.6374628849682107,0.11401598806164934,42.11747082014069,C1,NA,NA
0.5915037265967021,0.13039504061913604,40.064457048318374,C1,NA,NA
0.5829865640674716,0.09077166761724215,40.77671387223023,C1,NA,NA
0.5869465682836212,0.11296177934177512,41.301028089276144,C1,NA,NA
0.6351866684589395,0.10897194979438893,42.715481048123074,C1,NA,NA
0.6228467295523169,0.10822880231196536,43.15284501846243,C1,NA,NA
0.6163954807228561,0.10647070610175466,43.09959359227847,C1,NA,NA
0.6469255722328267,0.10300112634658928,41.478625904586806,C1,NA,NA
0.5928571011250479,0.08894519610827181,41.875480664511464,C1,NA,NA
0.6204706252305294,0.10933378474525642,43.134897478679214,C1,NA,NA
0.6412472930665449,0.1036377835150795,42.11968952719899,C1,NA,NA
0.6020868521020307,0.10070405813457167,43.253081606030854,C1,NA,NA
0.6233393286261296,0.09706082190579336,42.415676717856584,C1,NA,NA
0.6042917387291541,0.10287861179666502,43.37915242359435,C1,NA,NA
0.5935084905871049,0.09284547581549474,40.85112791263271,C1,NA,NA
0.6374565964341703,0.10431824180530627,42.418825347045214,C1,NA,NA
0.6282607840651655,0.11282389478312436,41.67367367848975,C1,NA,NA
0.6368142715875413,0.10205762899347383,40.79563932914717,C1,NA,NA
0.6072485820040744,0.10009897864065273,43.29684196994532,C1,NA,NA
0.6494466803578257,0.1090313234864111,41.53730819064829,C1,NA,NA
0.6058559737960404,0.10178957633162332,43.441783235524824,C1,NA,NA
0.6204651073415308,0.08702682250116436,42.15542435458795,C1,NA,NA
0.6059536475215442,0.08536739507027706,40.916493353033765,C1,NA,NA
0.6202897267726379,0.09021705522893472,42.66225969406067,C1,NA,NA
0.6280114086030693,0.11840870327836524,41.85779492358387,C1,NA,NA
0.5977719924009757,0.10713629850486517,42.617875241865264,C1,NA,NA
0.6116090070539549,0.10738722009226842,42.95786517183632,C1,NA,NA
0.6330254842661825,0.09735497203537032,42.94164197054523,C1,NA,NA
0.5842774485065595,0.10495261519653173,42.38186234560522,C1,NA,NA
0.576311579346658,0.11126562629936625,41.00890608652857,C1,NA,NA
0.6121880467178399,0.08531173705004468,41.78528584142663,C1,NA,NA
0.572801800349147,0.09275699158302325,40.181740321765,C1,NA,NA
0.6448141364730589,0.09798425127622518,39.253946589555085,C1,NA,NA
0.6321378654554523,0.08889713993330654,41.63702437246758,C1,NA,NA
0.6225556545437319,0.1273719076345317,40.33769242554902,C1,NA,NA
0.6506974407244595,0.10162123543901265,41.77536606522106,C1,NA,NA
0.5776924165860794,0.10901067907518949,41.69938622828869,C1,NA,NA
0.625045359159316,0.11112349895436133,42.91469938305916,C1,NA,NA
0.6207118411545797,0.12332281631714176,41.54789466370435,C1,NA,NA
0.6229128734818214,0.08270646712715862,40.21526316365203,C1,NA,NA
0.6156322250195619,0.08483987957587918,41.86327536847827,C1,NA,NA
0.6145691252879648,0.11021266762414128,42.511331207549695,C1,NA,NA
0.6743880741189161,0.12200951668844431,38.27458836008377,C1,NA,NA
0.6264770705693106,0.11093319345403987,42.876812360858274,C1,NA,NA
0.5951674873593059,0.1150647764969142,42.106227595828855,C1,NA,NA
0.5907159783626945,0.11998220186423574,41.48249494621638,C1,NA,NA
0.6228975699324811,0.08924682038475615,41.866614125971296,C1,NA,NA
0.6348706035438284,0.09778974225098244,42.47608087099163,C1,NA,NA
0.5703335487363184,0.096448911089490455,41.033579634786754,C1,NA,NA
0.6201016273382856,0.12402307260527509,41.208100416886424,C1,NA,NA
0.5851243703437604,0.09900034488104344,40.77472973353355,C1,NA,NA
0.593961863927738,0.10234645117761627,43.01301880355226,C1,NA,NA
0.6232364848285177,0.10817458006185815,43.10791154587402,C1,NA,NA
0.5909224152718208,0.1058670690321375,42.77769118351405,C1,NA,NA
0.6173399781686782,0.10724481988376498,43.11285601198901,C1,NA,NA
0.6207862450213665,0.10465170416552337,43.29045292374629,C1,NA,NA
0.61042995095788,0.10057789564905695,41.67026361105499,C1,NA,NA
0.6119457209525856,0.10064417753586097,43.353064498875284,C1,NA,NA
0.6055117674058338,0.09514986668105997,42.61486905714132,C1,NA,NA
0.617132072104832,0.09946497277422549,42.41822996582741,C1,NA,NA
0.6133815923390776,0.0853974727189438,42.02057683879466,C1,NA,NA
0.5900603481322734,0.10647854657541352,42.69100621278787,C1,NA,NA
0.6226643478216837,0.11606885987444816,42.21041775896525,C1,NA,NA
0.5828778722373219,0.08544488739762518,39.65408300824937,C1,NA,NA
0.5917711087554173,0.10959840389660355,42.36739249828347,C1,NA,NA
0.5732035707081974,0.10545133822994296,41.3064056886991,C1,NA,NA
0.6152546209245863,0.10860024103951735,41.316147628562526,C1,NA,NA
0.600152226677231,0.11008799074126398,42.822473316940155,C1,NA,NA
0.6144730179601298,0.12564645713012088,40.89474272681516,C1,NA,NA
0.6089081075097706,0.09321239053191545,43.05198559748867,C1,NA,NA
0.6234987682463266,0.09128734465558735,42.44866629167759,C1,NA,NA
0.574145827030475,0.09854597689607246,41.119123848155645,C1,NA,NA
0.6291595006198063,0.09635164549432662,43.055620012896135,C1,NA,NA
0.6234559881913752,0.09975735644898956,43.372331944868,C1,NA,NA
0.6216357505090856,0.09431608079022785,43.12121229920536,C1,NA,NA
0.5889868966576679,0.1126471099851099,42.198481307603934,C1,NA,NA
0.5865894853377175,0.10712124403072164,42.35572987331919,C1,NA,NA
0.6136749214425302,0.10777903760894447,42.820629471429235,C1,NA,NA
0.609247006897321,0.10842382664831132,43.0968995317644,C1,NA,NA
0.595740087372227,0.09612039518820517,42.99188244654994,C1,NA,NA
0.599801629770094,0.10355678409952385,42.90718530033652,C1,NA,NA
0.6538186592348973,0.10647971855160435,40.609921404783286,C1,NA,NA
0.6453123542060012,0.10848273157546696,41.412784326510526,C1,NA,NA
0.6371959390120272,0.11834067682962975,41.668163565675954,C1,NA,NA
0.5835384509038067,0.11121011313617882,41.97385093759758,C1,NA,NA
0.6184039960824068,0.11346783042144508,42.79674442019689,C1,NA,NA
0.6534305979805475,0.13122382122950876,39.30701230995566,C1,NA,NA
0.6473388606015403,0.0991404029198615,41.94144467879788,C1,NA,NA
0.5829088730432208,0.09575436864206323,41.85158386361914,C1,NA,NA
0.6294780301316566,0.1043305813588779,43.14611021908893,C1,NA,NA
0.61534979072422,0.10759928351738514,42.87601156301189,C1,NA,NA
0.6150124838989803,0.10059153152302769,42.977379318110636,C1,NA,NA
0.5864564885182192,0.12296296402232146,40.70841470932818,C1,NA,NA
0.6148235022798291,0.09608681504749429,43.41715148713154,C1,NA,NA
0.6301979637924818,0.10492720609914241,43.082888762615454,C1,NA,NA
0.5997928823872526,0.091847421107811,42.86969652322993,C1,NA,NA
0.6176151003447938,0.09560743911622897,41.52311223092982,C1,NA,NA
0.6024415811291428,0.10958605697218615,42.9838430456056,C1,NA,NA
0.5832362909005482,0.11085808656383728,41.62750480239469,C1,NA,NA
0.6070736722640745,0.08472022851837403,41.67265995061584,C1,NA,NA
0.5976837542555592,0.08896543150624511,42.231480672721496,C1,NA,NA
0.6157070659131378,0.08894257122483568,42.319610913237554,C1,NA,NA
0.631110008967741,0.09686452424133954,42.04213007917109,C1,NA,NA
0.6260009258564644,0.1251388796114755,40.83837580530535,C1,NA,NA
0.6352259234928839,0.12095666667274396,41.531942547886864,C1,NA,NA
0.6289288230820878,0.11132788385378056,42.76202937933748,C1,NA,NA
0.5963913425876805,0.11395297928756051,42.14726224357297,C1,NA,NA
0.6164518133735089,0.08638962543524385,41.26546160885343,C1,NA,NA
0.6077612812691239,0.09131189852570527,42.82616673404509,C1,NA,NA
0.5876712960593772,0.10015210134838698,42.53139982966117,C1,NA,NA
0.6117922706648135,0.09283989407623643,43.069426078615706,C1,NA,NA
0.6229718570527905,0.0884882066114144,41.813711320972665,C1,NA,NA
0.5978582646041278,0.09169205066842934,42.017524864229536,C1,NA,NA
0.6148644071037238,0.11482256638619553,41.72190886979216,C1,NA,NA
0.602790828169217,0.09355883412533969,43.12022239381269,C1,NA,NA
0.6079462323577687,0.09148650384723514,42.81584756367792,C1,NA,NA
0.6186215654429521,0.12461304577417119,40.682594035354285,C1,NA,NA
0.6203284730757285,0.10399156932201264,43.19410940869751,C1,NA,NA
0.5909450875396554,0.09520900803894215,42.431214965201434,C1,NA,NA
0.6080305206829941,0.1031998548730287,43.28098548839278,C1,NA,NA
0.6532530426727794,0.11274746834882332,41.27797659979074,C1,NA,NA
0.621352555110836,0.1083833434953706,42.46343913234691,C1,NA,NA
0.5822935659682785,0.09839601266334971,38.60167420379096,C1,NA,NA
0.6009396793213025,0.11211169400967613,40.819525435538104,C1,NA,NA
0.6233301574730737,0.09769590998433639,43.338822755390254,C1,NA,NA
0.6044514466318476,0.10648570548195946,42.88442957471044,C1,NA,NA
0.6134730772916073,0.11373388367686652,42.769098390913115,C1,NA,NA
0.5950095389050217,0.1089757935058962,42.01470681211888,C1,NA,NA
0.636149313743339,0.10292836485042728,42.20124436436346,C1,NA,NA
0.6169959843329672,0.10949861321981963,42.75355778481733,C1,NA,NA
0.5854538769594262,0.11465812535803,41.00064023406163,C1,NA,NA
0.6022838790232035,0.08989680162293774,42.63329483239614,C1,NA,NA
0.6376314461966796,0.1155324503554262,42.05181473915396,C1,NA,NA
0.5798724630413221,0.08971522073152605,40.620301439644635,C1,NA,NA
0.6080076276524274,0.11675176543558222,41.54878105553726,C1,NA,NA
0.6071026129126119,0.09771611347344147,43.141631658947055,C1,NA,NA
0.6137335662815578,0.14252452994790868,38.35176036355789,C1,NA,NA
0.573341148160629,0.10774709462360976,39.7121969561746,C1,NA,NA
0.6416024810431038,0.0961388481099717,41.77904827349477,C1,NA,NA
0.6222256771555216,0.08664319342356756,42.130209825547325,C1,NA,NA
0.6247170580878194,0.09709806631984827,43.26318154399726,C1,NA,NA
0.613438599229601,0.1044306499849708,43.320011111415056,C1,NA,NA
0.6417633361614123,0.08852288482459322,41.28478253752238,C1,NA,NA
0.6307388452481479,0.08721682010201812,41.83316640654584,C1,NA,NA
0.5830489438546462,0.10004327703078914,42.279781603900325,C1,NA,NA
0.6118170375411177,0.09800554172526928,42.90364003886607,C1,NA,NA
0.629997367803471,0.09367440889557971,42.60299233345334,C1,NA,NA
0.5705707439120006,0.12666978749749253,39.33956811361112,C1,NA,NA
0.5936792408746935,0.1018507748971876,42.86199375641222,C1,NA,NA
0.5770029121895152,0.12109335944437968,40.13998704381334,C1,NA,NA
0.572065580288625,0.10895857519592711,41.24423984868024,C1,NA,NA
0.6377277789557643,0.09753003976042855,42.63264196160917,C1,NA,NA
0.6144359479203074,0.09801818388996485,43.4178647512011,C1,NA,NA
0.6188246119192059,0.08740599715729985,41.96527597993667,C1,NA,NA
0.6097083781030513,0.09911951987612419,43.37513413556195,C1,NA,NA
0.6250922927543463,0.09444686919716651,43.04051890889539,C1,NA,NA
0.6560247260161077,0.11224592103580008,41.135863772028785,C1,NA,NA
0.6128193907656166,0.10271817495402966,43.46480694185331,C1,NA,NA
0.6397931733050737,0.10742740317438769,41.90968227556748,C1,NA,NA
0.5981755725599545,0.09239891560117727,42.73327183945029,C1,NA,NA
0.6284667591075827,0.10091243768165642,42.758786067091656,C1,NA,NA
0.5909090993968132,0.08620577462094549,41.395180603166885,C1,NA,NA
0.621230694277792,0.12562776947007248,40.70411281747793,C1,NA,NA
0.5933438166579306,0.09947216695717115,41.838917801685675,C1,NA,NA
0.5770201686503543,0.09706433675641274,41.59399343787793,C1,NA,NA
0.5915224475033461,0.09296097182019193,42.31043654746781,C1,NA,NA
0.6124141643066268,0.09959308724829483,43.07737665559814,C1,NA,NA
0.5991622278499089,0.11607272481814639,42.288300661780276,C1,NA,NA
0.5873679748189155,0.09512350215029963,42.42059117572845,C1,NA,NA
0.5837359327034184,0.09442268388785374,41.71979225680419,C1,NA,NA
0.5907199265186402,0.0990432731054419,42.873200058933946,C1,NA,NA
0.5856668639611509,0.09567116102440168,41.83778707720274,C1,NA,NA
0.6092543739593751,0.11400297710715275,42.10727148977458,C1,NA,NA
0.6285489335325852,0.11019896334534834,42.66488980582475,C1,NA,NA
0.6144867788212196,0.1046100931429812,43.285972822826785,C1,NA,NA
0.6147877588813331,0.10889431479037363,42.77063972202667,C1,NA,NA
0.5824618698426474,0.12656096035473594,39.88913228106443,C1,NA,NA
0.6386963299720458,0.08836974744621202,41.03375043348673,C1,NA,NA
0.6558328335282686,0.1020646445024407,40.77886713853428,C1,NA,NA
0.6164843561284532,0.09950914805875938,40.210633242179206,C1,NA,NA
0.630287230366132,0.08954402163320678,42.305591274755656,C1,NA,NA
0.620397188657606,0.09530521736317092,43.085275260575166,C1,NA,NA
0.6070918822421295,0.086768935631893307,42.259041018986466,C1,NA,NA
0.5987913268462512,0.09660156464970716,43.167323296160404,C1,NA,NA
0.5887420674667347,0.10401000131478999,42.34106027006213,C1,NA,NA
0.6227694429164249,0.09800637964648766,43.35576593832168,C1,NA,NA
0.5918635416569872,0.10613640290540259,42.57293610798618,C1,NA,NA
0.5991956920685689,0.09771290169556132,42.869622191303876,C1,NA,NA
0.6309209541224754,0.0811764148786277,40.0817963052905,C1,NA,NA
0.5851057498775232,0.11116042194256631,41.70738457045843,C1,NA,NA
0.5914971121046511,0.11502968604587413,39.47198187310699,C1,NA,NA
0.6330608195839835,0.10371861689155439,42.374579487279846,C1,NA,NA
0.6075793267818317,0.10087887814136973,43.479073809891275,C1,NA,NA
0.6308858336018974,0.1090606257252738,42.84783863158835,C1,NA,NA
0.5803444324828082,0.0924501524841175,41.68670191196423,C1,NA,NA
0.6152593114148898,0.09605989500697915,43.304603654396296,C1,NA,NA
0.627990602190053,0.10166768465525419,43.13153486753873,C1,NA,NA
0.6127385773226289,0.10165167047332739,43.09075287711722,C1,NA,NA
0.6785297843123379,0.09081598958095224,36.51474162942496,C1,NA,NA
0.6058708852807686,0.11749257101917046,42.29790529342493,C1,NA,NA
0.62297528771018,0.1161992605043825,42.46205570958478,C1,NA,NA
0.5483371864185602,0.11465068546532323,37.76457062531588,C1,NA,NA
0.6327017601308434,0.09802137078876919,39.997780726920404,C1,NA,NA
0.5975185204745844,0.10233777766176833,41.84973837373226,C1,NA,NA
0.5934079254761602,0.11732930630028156,41.83309544780663,C1,NA,NA
0.611883357927315,0.10642529406318256,41.63995114050965,C1,NA,NA
0.6261952948292551,0.099517226189792,43.301111683958496,C1,NA,NA
0.6438471722643502,0.11190369576464557,41.49149645432554,C1,NA,NA
0.6275571990958492,0.09473291417589168,42.86353637507949,C1,NA,NA
0.6182427920704372,0.09313772273621077,43.1595531813633,C1,NA,NA
0.6146286535344574,0.09327941989943021,43.21387682611157,C1,NA,NA
0.6148566207927864,0.10495490668761667,43.42437121570997,C1,NA,NA
0.6265140639624421,0.09570556151343536,43.144578160269106,C1,NA,NA
0.6279601615862359,0.099343245364519,43.24000184886461,C1,NA,NA
0.6357509156468942,0.10406120665379642,42.48178149066821,C1,NA,NA
0.6099993958239687,0.09313453243901072,43.064257419093785,C1,NA,NA
0.630928508362494,0.10625713187197336,42.80568625048427,C1,NA,NA
0.5865246108803681,0.11073190866142232,42.14919354785699,C1,NA,NA
0.6240729284822767,0.09786271388721625,43.247558651437885,C1,NA,NA
0.6209632430109616,0.08286437276966993,41.209366974281565,C1,NA,NA
0.6037356405035892,0.09479204518706207,42.16740661963989,C1,NA,NA
0.5890553061247236,0.1318840036340631,39.50461474081864,C1,NA,NA
0.5950292220601686,0.08556968990091153,41.587809031719914,C1,NA,NA
0.6064514776094067,0.0956388027440064,41.407564372070766,C1,NA,NA
0.6096323612524849,0.1150327520897391,42.50334018718686,C1,NA,NA
0.5867875542810316,0.11975978286998212,41.31812182809817,C1,NA,NA
0.5941631585214596,0.07987171817809419,39.56321627734973,C1,NA,NA
0.6112809726044287,0.09417998258568441,43.266993676965704,C1,NA,NA
0.5943668627942527,0.08573271432173366,41.3129313497581,C1,NA,NA
0.6120346502490457,0.09639292342147428,42.98105819516063,C1,NA,NA
0.6251712335104801,0.10018522724479473,42.272590160124125,C1,NA,NA
0.6455489873613744,0.12302474218182592,40.74841515465248,C1,NA,NA
0.6109322168762263,0.10489417419788369,42.96896590945595,C1,NA,NA
0.5807426908113453,0.10772013241027571,41.05470761174832,C1,NA,NA
0.5706669551595529,0.10028371821536036,40.985863643561274,C1,NA,NA
0.622811280469484,0.09099841104724143,41.00583287470491,C1,NA,NA
0.5733856995268318,0.10727562216059044,41.44673121937215,C1,NA,NA
0.5912744630120045,0.10504203175487935,41.708905956461635,C1,NA,NA
0.6151946550252525,0.10147775072557175,43.32988714443694,C1,NA,NA
0.6053274813256079,0.08961587749127409,42.7453743165984,C1,NA,NA
0.6065507533868189,0.09586069548004461,42.56767441847995,C1,NA,NA
0.6266100242450249,0.11940300652372088,40.09690797025273,C1,NA,NA
0.5943176063238901,0.10053503759203901,42.848176762200175,C1,NA,NA
0.6059764538672819,0.09276927096617608,43.12121310580269,C1,NA,NA
0.6323662023399493,0.09840738251884146,42.87830419164011,C1,NA,NA
0.6136369065261863,0.09488381414797602,43.04071041107596,C1,NA,NA
0.6078628067409472,0.11095365971484876,42.995928950307935,C1,NA,NA
0.6226217163852545,0.10403338719136652,42.82795450588968,C1,NA,NA
0.6509455833346144,0.0981943351255285,41.60068397462517,C1,NA,NA
0.6466489446997229,0.11180264694114422,41.88916147798361,C1,NA,NA
0.6229257711937931,0.10824798515838316,43.114490988090395,C1,NA,NA
0.6342951448269437,0.10742987363826421,42.41849682573375,C1,NA,NA
0.64866018183720775,0.09762856575721368,41.78528677496622,C1,NA,NA
0.6657504564799176,0.13201348085877623,36.14412867628973,C1,NA,NA
0.6093753944112299,0.1210049990440566,41.92472743992414,C1,NA,NA
0.6065287480675283,0.11723779406510203,41.926265325169204,C1,NA,NA
0.6301432622537262,0.1015726707120862,43.17154942231723,C1,NA,NA
0.6110449889547221,0.09305731928901148,42.968096103653174,C1,NA,NA
0.6195957210865367,0.10197813839468774,43.466408447362156,C1,NA,NA
0.5893305434851009,0.10951223031372144,41.42502222168176,C1,NA,NA
0.6432383731684731,0.09704941427916161,42.076806189795555,C1,NA,NA
0.6402351229117403,0.12927199479479756,40.124193794664095,C1,NA,NA
0.6052866413090086,0.08759283864339909,41.1776617174127,C1,NA,NA
0.6484470342103703,0.1192983115270261,41.09212280696622,C1,NA,NA
0.5963117576348137,0.09217663824090924,41.564349825683,C1,NA,NA
0.5948779676332504,0.09076845124591075,41.85225997923571,C1,NA,NA
0.6470737302003958,0.10330170583725626,41.91004871130176,C1,NA,NA
0.6064753063530005,0.09373479728093659,42.4355542098202,C1,NA,NA
0.6326690515009222,0.10579310930712807,42.94167694021427,C1,NA,NA
0.6057431163879845,0.10637290114832523,42.79550510635019,C1,NA,NA
0.6276457408721268,0.11164189941298587,42.67531482111684,C1,NA,NA
0.5849596050063526,0.11839071090997981,40.77435842157107,C1,NA,NA
0.642647795365544,0.11199461312326504,41.45123383916009,C1,NA,NA
0.6387826080316937,0.09987227701825424,42.15025218148367,C1,NA,NA
0.5919515713357165,0.09688851391930542,41.811921640534656,C1,NA,NA
0.5681956161817084,0.11216320081338033,36.62839418358714,C1,NA,NA
0.6096335970809437,0.09314076684757881,43.10709310076916,C1,NA,NA
0.6237212563803679,0.10211665057610209,43.3820716955018,C1,NA,NA
0.5989543558653648,0.11432247613679714,42.48265592221842,C1,NA,NA
0.6014061428553832,0.10848396276766148,42.88531031724915,C1,NA,NA
0.6025991282338482,0.0924011216408245,42.79350635076439,C1,NA,NA
0.605281640471043,0.09988769095901033,42.99893558884875,C1,NA,NA
0.620899290646737,0.09664726870868479,40.71861776548336,C1,NA,NA
0.6091099954890097,0.11260278274468505,42.44061610586229,C1,NA,NA
0.5737185052394115,0.09481872755703638,41.27248602971534,C1,NA,NA
0.5782385108973112,0.1153338199492275,41.15278899165316,C1,NA,NA
0.6241213321145562,0.11238780132567602,42.61008191673438,C1,NA,NA
0.6176461678601586,0.10879202503857627,43.158790983037235,C1,NA,NA
0.6343546139210825,0.10410142686555426,42.84986853759611,C1,NA,NA
0.6388384321638866,0.10142780882447702,42.68644377675972,C1,NA,NA
0.6392409787679262,0.09972017017357346,42.46845208686866,C1,NA,NA
0.6281339190516066,0.10075641247953238,43.11607260130806,C1,NA,NA
0.5907746639246819,0.08484097521252956,40.71770197735202,C1,NA,NA
0.6380083931780928,0.13360156614702212,39.369114280506906,C1,NA,NA
0.5969929131106377,0.10603926468664447,43.047167932399205,C1,NA,NA
0.5957471277289994,0.10194217292180768,40.427771361637,C1,NA,NA
0.5891056944546813,0.09656438283561697,42.2650426716258,C1,NA,NA
0.6015477279331686,0.11754864697681966,40.20160392950507,C1,NA,NA
0.5713727785001903,0.1135395295590905,40.875642198089,C1,NA,NA
0.594046887441389,0.13791425841995308,38.940826536154354,C1,NA,NA
0.6234658995765872,0.09298891945589466,42.94582272733303,C1,NA,NA
0.6153565344572398,0.12511950268510996,40.61801262821923,C1,NA,NA
0.6199744489688627,0.1083895577638355,42.90082546148107,C1,NA,NA
0.6154246587885737,0.12933830907461286,40.250465936723884,C1,NA,NA
0.5874058504591593,0.12266191174543971,40.69554782323198,C1,NA,NA
0.6114161847074511,0.08936073351128504,42.73494381272003,C1,NA,NA
0.5775990379077187,0.09783149266108804,41.74128100727511,C1,NA,NA
0.5963531861262071,0.13701217026037504,38.72441081503487,C1,NA,NA
0.5787393366880613,0.09956728252422786,41.92910488472808,C1,NA,NA
0.6071826133779626,0.09300272937801873,43.17269195899075,C1,NA,NA
0.626281577478173,0.09794926362097331,42.33429392784381,C1,NA,NA
0.6174063717144485,0.09283248767919945,38.675394337648974,C1,NA,NA
0.6233802104800192,0.07783233977791769,38.54007919647739,C1,NA,NA
0.5952289247455994,0.104434222902431,42.81800099834642,C1,NA,NA
0.6228098281533891,0.10272491036271897,43.295742551857685,C1,NA,NA
0.5982202365309728,0.11540046356824414,42.09321506739879,C1,NA,NA
0.6151061899925724,0.11593488507191854,42.566914648660706,C1,NA,NA
0.5738410149396382,0.09914443864899483,41.44730640627723,C1,NA,NA
0.6239904498059583,0.10674470872384613,41.64738647603593,C1,NA,NA
0.6193333770451691,0.0989262420389967,43.42236333503568,C1,NA,NA
0.6517576046852542,0.11092930010830351,39.40769858861244,C1,NA,NA
0.5870758326344243,0.0955365018890891,42.30707138366396,C1,NA,NA
0.6100905659658609,0.09150593721865832,42.86231703300572,C1,NA,NA
0.6044619519610404,0.13463834523431328,39.70716470038163,C1,NA,NA
0.6418743899563671,0.10687366665469256,42.425931545711784,C1,NA,NA
0.6280834209234624,0.09793050472311023,43.01135509784129,C1,NA,NA
0.6063931590038545,0.10263896175220819,43.39534976035446,C1,NA,NA
0.6243163200581938,0.0940931417017303,42.33078090697518,C1,NA,NA
0.5921230178345283,0.10790693949878083,40.67266195780226,C1,NA,NA
0.6140010273369952,0.09721065713227195,43.357209482669425,C1,NA,NA
0.6077176699213032,0.10064489075165986,43.48270975625604,C1,NA,NA
0.6221514962075847,0.099752291138166,42.94521673451754,C1,NA,NA
0.6449856359311528,0.11097283496350063,42.0007303719623,C1,NA,NA
0.6179182607469493,0.12915220721520465,40.60359468883884,C1,NA,NA
0.6522089529484648,0.12732814003184942,39.660541451760736,C1,NA,NA
0.5561307410699985,0.09629373247296286,37.89685647371478,C1,NA,NA
0.6396422544827893,0.13616010026715258,38.19278772467493,C1,NA,NA
0.588054438925515,0.10622100059572662,42.33325160644726,C1,NA,NA
0.567283722291572,0.1357022135480201,37.68432359942625,C1,NA,NA
0.5962589796776362,0.0965533133102081,42.64139575678749,C1,NA,NA
0.6433095469524489,0.11705589116202882,41.60584094511047,C1,NA,NA
0.6212734495389018,0.08775836622529508,41.555887606049424,C1,NA,NA
0.5813945254849991,0.10180837853160704,42.253084448067916,C1,NA,NA
0.638820246985759,0.11016341715886822,42.46869695085518,C1,NA,NA
0.6224733208626886,0.10978515527059562,42.279999297867796,C1,NA,NA
0.6169517200309784,0.09757439522359687,43.4529441502952,C1,NA,NA
0.5928610367307958,0.10672448691348631,42.3224724136097,C1,NA,NA
0.6652892957517209,0.11255787613450828,40.21027204635038,C1,NA,NA
0.6091610376030334,0.08454595866914419,39.69286456458249,C1,NA,NA
0.621680445978632,0.09106124117083585,42.2106001866966,C1,NA,NA
0.6142836398647534,0.10862349181154231,41.95187212728073,C1,NA,NA
0.6031367854775794,0.09355440234608776,42.84472463814126,C1,NA,NA
0.611504870511382,0.10660213721168649,42.99333003046016,C1,NA,NA
0.6151387128682613,0.11310919033085962,42.66603336106281,C1,NA,NA
0.5818384015113636,0.10869395987913244,42.06375223529357,C1,NA,NA
0.6275476408787894,0.10604139346590316,42.98819196984101,C1,NA,NA
0.5904923156154864,0.11052528666923714,42.185157045234796,C1,NA,NA
0.6407335967978307,0.10349533831909649,42.40565566630913,C1,NA,NA
0.6098228205545706,0.0958090019377795,43.3196498710164,C1,NA,NA
0.6010401330292894,0.09730079794169924,42.47849822035882,C1,NA,NA
0.5988594682310615,0.10463131527378045,43.13369811105543,C1,NA,NA
0.6143450815128397,0.1089508551290698,42.809178747014975,C1,NA,NA
0.6285040495846508,0.09081747042034823,42.57360079589973,C1,NA,NA
0.6184819278238564,0.1003776371939687,43.47603957265001,C1,NA,NA
0.6288471965307445,0.10392274644965013,43.06287768117962,C1,NA,NA
0.5894983191496134,0.08531239725088885,41.04864783961064,C1,NA,NA
0.6016355320708393,0.09998717010959611,43.27760498404162,C1,NA,NA
0.6211623648930903,0.09986956096103271,42.151684453944675,C1,NA,NA
0.6477628964834753,0.09138041283860913,40.92021221275234,C1,NA,NA
0.6039332521958515,0.10372994311320007,43.147210352652685,C1,NA,NA
0.6051798800657184,0.10875921673772768,43.04562843033756,C1,NA,NA
0.6195366619922151,0.11628042406701772,42.35245761628884,C1,NA,NA
0.5615348650262345,0.08625834313499822,36.84731742393846,C1,NA,NA
0.6139445069157208,0.10231110118706419,43.386568814256734,C1,NA,NA
0.6554455399285172,0.1269392060976056,38.17967687315854,C1,NA,NA
0.5924146537399143,0.09514417752345601,42.7183756532491,C1,NA,NA
0.6091055164673392,0.09871316406687423,43.233369981943746,C1,NA,NA
0.5784466899049323,0.1180608660233985,40.68311029052357,C1,NA,NA
0.5874943850138915,0.11271618601639394,41.065585857223184,C1,NA,NA
0.6298265721066704,0.09458486190182705,42.8440746486934,C1,NA,NA
0.5965253092472721,0.09649909254640784,42.49679113381525,C1,NA,NA
0.6015504220224153,0.10834442233435754,42.5280608524805,C1,NA,NA
0.6785297843123379,0.09081598958095224,36.51474162942496,C1,NA,NA
0.6269594515050614,0.10687400764809889,43.09495422536632,C1,NA,NA
0.6496699911442546,0.09654383235565245,41.59767682999886,C1,NA,NA
0.5912438354378197,0.10188019730685824,42.45191501529386,C1,NA,NA
0.6089076986794778,0.10803320320613477,42.4849531202056,C1,NA,NA
0.6480740509924484,0.11692462931910863,40.936701520332385,C1,NA,NA
0.6325414623880666,0.10230927378863403,43.0627132454874,C1,NA,NA
0.5955301724307452,0.10975028256130948,42.715854709133836,C1,NA,NA
0.6071990051530672,0.0971357982775694,43.40009819900116,C1,NA,NA
0.5960218628898978,0.09474372755096631,42.76000410990617,C1,NA,NA
0.614723995081241,0.08451800387540123,41.79343217456647,C1,NA,NA
0.5920891410675512,0.09143791773803817,42.41900679715988,C1,NA,NA
0.6062845098162575,0.09789203945607951,42.98660504826281,C1,NA,NA
0.59806562747771,0.10631876296536621,42.039856115563374,C1,NA,NA
0.6153287127084042,0.09861431759797319,43.01002769883251,C1,NA,NA
0.6116748210164029,0.09875619055534211,43.50706745223506,C1,NA,NA
0.6044514466318476,0.10648570548195946,42.88442957471044,C1,NA,NA
0.5939042409618882,0.1342988005519398,39.54074026908429,C1,NA,NA
0.6076961215188308,0.09931633464682345,43.42947258095481,C1,NA,NA
0.6080626262874008,0.10107950730271882,41.806711236861474,C1,NA,NA
0.6282110024806179,0.09045281831479234,41.49221568506882,C1,NA,NA
0.6244952507143471,0.09621886894685713,43.16177456548357,C1,NA,NA
0.6040386348606126,0.09488341309545269,42.472888544660066,C1,NA,NA
0.6343097388607526,0.10234514593539566,42.736495420539775,C1,NA,NA
0.5948779676332504,0.09076845124591075,41.85225997923571,C1,NA,NA
0.6140884324399621,0.10103817542969548,43.40317826804911,C1,NA,NA
0.6187258851169878,0.10134081886545562,43.48312428402601,C1,NA,NA
0.6079656036037835,0.09806498916431869,42.93035950447494,C1,NA,NA
0.6308077920425338,0.12300342027393704,41.08336846402176,C1,NA,NA
0.5487380237970231,0.09055422945004743,36.99001694119123,C1,NA,NA
0.6086672587363808,0.11884455559831797,41.87168603279888,C1,NA,NA
0.6116588565232078,0.09706152495240532,41.83710793645959,C1,NA,NA
0.6265878005238773,0.0887908015901322,41.47526796822504,C1,NA,NA
0.5911603096786181,0.09650108388198136,42.74862835153276,C1,NA,NA
0.6273898948539152,0.11713215622618514,41.93911343114621,C1,NA,NA
0.6115088742550521,0.10762764581157153,42.84673690313592,C1,NA,NA
0.618723644445651,0.1342479387190634,38.88286954584617,C1,NA,NA
0.61450909341654,0.10662836313874742,41.8967417439865,C1,NA,NA
0.5853487745251824,0.0945186737157769,42.30887922703422,C1,NA,NA
0.6214894720046407,0.09202643808761109,42.036247531519265,C1,NA,NA
-0.002744577432231419,0.18250944562326094,1.6099223131751197,C2,NA,NA
-0.10338074916689523,0.1431236230497496,2.7476674106776375,C2,NA,NA
-0.15637941110808323,0.19720043985314845,2.0176039006782673,C2,NA,NA
-0.16099076483482364,0.16774036670119397,2.3571907889021695,C2,NA,NA
-0.024343206207145175,0.17925757009384718,2.4359743975743102,C2,NA,NA
-0.19827852731659437,0.26897241147019085,0.47810751465589485,C2,NA,NA
-0.07757056074801867,0.20945723370430794,3.048322877137184,C2,NA,NA
-0.021053345310553417,0.2164965902268068,0.8490805801137045,C2,NA,NA
-0.12223049846621041,0.15913776201575222,3.3308049878516757,C2,NA,NA
-0.10198681117377525,0.20239156709631184,2.956940847056017,C2,NA,NA
-0.18290180129048622,0.1658415473798257,1.7437908269799154,C2,NA,NA
-0.03417610719161967,0.15656748998431141,2.353313673288291,C2,NA,NA
0.017887020319298463,0.24032402437490466,0.6746607171411476,C2,NA,NA
-0.0862008805947862,0.1857406638957154,3.2437072309267556,C2,NA,NA
-0.13628023788321791,0.18535524133690942,3.111719195189689,C2,NA,NA
0.0474422750280598,0.3067648568042922,-1.2986726198982377,C2,NA,NA
-0.10315166837281566,0.14291821049366962,2.866728826063328,C2,NA,NA
-0.05278231062789966,0.13995077500405514,2.4298951928747687,C2,NA,NA
-0.014886378390127054,0.3022931126544862,0.049564700133837736,C2,NA,NA
0.0354845895423373,0.21606561986514258,0.35078181866501246,C2,NA,NA
-0.16524194553574661,0.17714264833541626,2.24377907720279,C2,NA,NA
-0.03283238876026923,0.19295085320703298,2.5710574575480454,C2,NA,NA
-0.04488079744163767,0.20202343687350643,1.5127090904203704,C2,NA,NA
-0.12653857476983923,0.23765084023992175,1.6879719692345798,C2,NA,NA
0.048481395711360044,0.23645399997104785,-0.7071982836667141,C2,NA,NA
-0.0910526450222576,0.21080822881381647,2.74648737763787,C2,NA,NA
-0.06987223559872836,0.17021577545377758,3.2879713766530134,C2,NA,NA
-0.08167177939783338,0.21261210910311854,2.773812152041144,C2,NA,NA
-0.16120900555627227,0.1863857733764235,2.633712206457619,C2,NA,NA
-0.10655017576248216,0.17181054152353037,3.3007448367106758,C2,NA,NA
-0.03960012706283956,0.1341016180450308,1.5467716743001847,C2,NA,NA
-0.1284115878225331,0.19339812462728087,3.2330176232637893,C2,NA,NA
-0.04932709371661852,0.16374436037442794,2.9907414867685276,C2,NA,NA
-0.16481872039153966,0.24788340428380584,0.3499453243707604,C2,NA,NA
-0.08114053050717315,0.13673625552890806,2.5353796461032587,C2,NA,NA
-0.07220287814569229,0.19693103176485152,3.082731384214578,C2,NA,NA
-0.03907099616851862,0.1402759799642327,-0.36797545291185374,C2,NA,NA
-0.03217887653081854,0.26513781030260464,0.0493961512682346,C2,NA,NA
-0.09714813221574858,0.186264775597192,3.4429555869614887,C2,NA,NA
-0.16551005048314396,0.1292732552150294,0.25912766962932876,C2,NA,NA
-0.1466331306922199,0.15878129765125756,2.2017515784520505,C2,NA,NA
-0.08200268144830188,0.14284920069871712,1.2438278213802074,C2,NA,NA
-0.04580389937935904,0.23161427677441854,2.1130666580821615,C2,NA,NA
-0.13519877347117365,0.1754882157943357,3.241065322058925,C2,NA,NA
0.0016126646934961839,0.2605197565886972,-0.25961610586529327,C2,NA,NA
-0.09976132222617279,0.14478180515042352,3.214074618727815,C2,NA,NA
-0.09660694348808996,0.17066019099550775,3.59613659450459,C2,NA,NA
-0.1505826149549118,0.18186758440213974,2.959682526007593,C2,NA,NA
-0.09306815746241348,0.19901045855960064,2.958647106429954,C2,NA,NA
-0.08670049749913476,0.17306050342708512,2.6768241367922245,C2,NA,NA
-0.09972685053774681,0.19683802164521802,3.3359553181955706,C2,NA,NA
-0.014673824982424746,0.2685366910816494,0.7589007170398467,C2,NA,NA
-0.13827779499150247,0.15829949133174226,-0.22666522717219695,C2,NA,NA
-0.08121343732447593,0.15428625900163856,3.3842200642802833,C2,NA,NA
-0.13163833373082837,0.25227737787611215,-0.3149312716096371,C2,NA,NA
-0.11372197829473789,0.17774233070639434,3.313116591618484,C2,NA,NA
-0.1471648808566516,0.12901256501061475,1.3469614199951376,C2,NA,NA
-0.08463101051148406,0.152472437740756,3.391437900333747,C2,NA,NA
-0.1285114197989626,0.19407479513094872,3.210720967467579,C2,NA,NA
-0.08661767699707483,0.23765432242279336,2.295479609703583,C2,NA,NA
-0.06649618598557985,0.1645283721891342,3.152923269884327,C2,NA,NA
-0.014621958267437816,0.28232015366895186,0.2732457249865794,C2,NA,NA
-0.07191583848726937,0.18762328406912876,2.6180539118857804,C2,NA,NA
-0.003982326474936879,0.17185654916943807,1.5859622156732671,C2,NA,NA
-0.16505623449882298,0.19728431920868292,2.4649979710521213,C2,NA,NA
-0.09011354517673444,0.18637509389186524,3.2174952839055964,C2,NA,NA
-0.21196478085114234,0.21730280508777203,0.992272631574314,C2,NA,NA
-0.09614307694699264,0.20506309064646958,2.9201175358993123,C2,NA,NA
-0.10675672259658649,0.1582114526366077,3.4866711550584037,C2,NA,NA
-0.055367562842563334,0.1894086230512802,3.1231149817750143,C2,NA,NA
-0.12266549651411818,0.1965356594487469,3.2325624475764516,C2,NA,NA
-0.12607568431157384,0.2505010949283626,1.938627445123133,C2,NA,NA
-0.09659461177364467,0.17305945134177347,3.477457787703223,C2,NA,NA
-0.0967149141128325,0.18546466427160443,3.340865998209572,C2,NA,NA
-0.14053059406030494,0.20712417586801743,2.8261203642069472,C2,NA,NA
-0.011968447311676605,0.2499308736098289,1.238328178637894,C2,NA,NA
-0.09581349264872244,0.20329757209388152,3.1756299626404108,C2,NA,NA
-0.08461077674770412,0.18907926519144272,2.4751251802323573,C2,NA,NA
0.01570330110398319,0.2832630704408094,-0.034539976741436273,C2,NA,NA
-0.025529387273235102,0.14728926278485263,0.3455266661966565,C2,NA,NA
-0.13550478632155544,0.1978875110589856,3.0820851294492435,C2,NA,NA
-0.14205193839051145,0.16285930781199648,3.059262222205482,C2,NA,NA
-0.14364196875708216,0.22226783931558972,2.514875367915261,C2,NA,NA
-0.07839331580011795,0.19072408138498673,3.24019643926538,C2,NA,NA
-0.22816847879308608,0.2261188182091867,0.37098280564857156,C2,NA,NA
-0.12343434915870272,0.2367241281284388,2.3738809279656667,C2,NA,NA
-0.029585635069984285,0.23225951041660375,1.9760257877688914,C2,NA,NA
-0.07768260365945255,0.22448288918180587,2.637627976906405,C2,NA,NA
-0.17214935645687293,0.22581160253000884,1.9727365491297135,C2,NA,NA
-0.15645789939303742,0.16270220761709547,2.2616300190793783,C2,NA,NA
-0.09655692476422464,0.16038769889309998,3.1287106145113395,C2,NA,NA
-0.09722825364876447,0.1418204195964652,2.885746853133658,C2,NA,NA
-0.1078605104507494,0.15358963531680253,3.396498265575432,C2,NA,NA
-0.053545286864065365,0.12279914563561464,1.1751010784090812,C2,NA,NA
-0.06236962251317797,0.14267849973660546,2.7973936701388222,C2,NA,NA
-0.021216559697160346,0.23012554868950197,1.7799287176286174,C2,NA,NA
-0.1622510572471526,0.1580589132781573,2.0169787544972086,C2,NA,NA
-0.09112408275226043,0.18875884675263088,1.4167483511579313,C2,NA,NA
-0.026685593550399567,0.1012314703079012,-4.170496548721415,C2,NA,NA
-0.039761566786250355,0.20804852683676411,2.5772474572094635,C2,NA,NA
-0.11437484870225523,0.2552757889490481,1.8259580808302909,C2,NA,NA
-0.12958406671851783,0.1451000210167232,2.898148109988977,C2,NA,NA
-0.18340185619055838,0.24032363018375827,0.6225657293771141,C2,NA,NA
-0.08836210082195681,0.1708414678181348,3.112741630940481,C2,NA,NA
-0.05500262303446899,0.21838463435516198,2.597594991812445,C2,NA,NA
-0.12786490626159516,0.19031866946479845,3.2499611428068365,C2,NA,NA
-0.1450702563126754,0.19331179030861162,2.8768592079862887,C2,NA,NA
-0.0767664989227703,0.16642156800519572,3.4688011711696207,C2,NA,NA
-0.08422002735758925,0.12441186866041898,1.228315657028567,C2,NA,NA
-0.049703103077852036,0.15373044446542114,2.6388070835983637,C2,NA,NA
-0.15326179303920942,0.15894551544421764,2.6773441888086333,C2,NA,NA
-0.17424208793135215,0.2278488223999253,1.8967020610064216,C2,NA,NA
-0.10774487205215895,0.17945324479705715,3.248962962828524,C2,NA,NA
-0.11080561751400235,0.22253701296565154,2.701494976173338,C2,NA,NA
-0.08888043622448079,0.205298516227913,1.8482364531573134,C2,NA,NA
-0.08774615788305015,0.23482705665800854,2.295206831452581,C2,NA,NA
-0.10123816011775552,0.19194037664210678,3.2676812288568944,C2,NA,NA
-0.10169387841663555,0.2010930887800377,3.1857078080599646,C2,NA,NA
-0.056190663797056464,0.1485155190277396,2.872055658466027,C2,NA,NA
-0.09272017057062107,0.16984709020391425,2.7018287048357674,C2,NA,NA
-0.12435130057611535,0.18849118231419565,2.4234523353712283,C2,NA,NA
-0.0211323369998545,0.27475379967419933,-7.935262446061575e-4,C2,NA,NA
-0.16925793237284498,0.23355509938538074,1.8849643638533458,C2,NA,NA
-0.10535486528445484,0.1978633221402859,2.738142558950178,C2,NA,NA
-0.14261558716225808,0.21796679822305456,2.625937760580083,C2,NA,NA
-0.12247333421401124,0.1371758313742006,2.051464732401141,C2,NA,NA
-0.10452075647450162,0.18114602263263885,3.4533849390876883,C2,NA,NA
-0.14736404641059742,0.1418041500097887,0.40361272075271293,C2,NA,NA
-0.06482380629808,0.19733880031704792,3.1062386880129393,C2,NA,NA
-0.08908213975857135,0.17954357343654898,3.0687819338380544,C2,NA,NA
-0.07804406753314103,0.16637936772991052,3.5003672655723426,C2,NA,NA
-0.1689371028370881,0.19016573646725798,2.3635221211950452,C2,NA,NA
-0.14375414822912175,0.1521212869530718,2.743675052229019,C2,NA,NA
-0.012003509757244905,0.1762017930842042,0.3180214449773868,C2,NA,NA
-0.0035572276293064295,0.20827182128905547,-0.2789671650930261,C2,NA,NA
-0.033713778613651144,0.24756704560982118,1.6633557148547218,C2,NA,NA
-0.08827254794659684,0.16109603636223105,1.679074594892751,C2,NA,NA
-0.17083638796606604,0.16570461506349723,2.0989399794172034,C2,NA,NA
-0.09919661304040547,0.1593051266949,2.410156661421862,C2,NA,NA
-0.040384785931555506,0.1447326782086836,2.2385045632757885,C2,NA,NA
-0.11844182217283411,0.20360438722147267,3.1272416764145805,C2,NA,NA
7.161537897642078e-4,0.20226465979646313,1.612206005525247,C2,NA,NA
-0.09751469784444305,0.15514519622027104,3.1234796346668015,C2,NA,NA
-0.2131242459023702,0.1748998216058764,0.45840156447350333,C2,NA,NA
-0.13486674948463778,0.20010773924353895,3.0143297073305346,C2,NA,NA
-0.08213036202719061,0.19585141465318678,3.325613998784143,C2,NA,NA
-0.08667848269416159,0.1571417635226106,0.8446733137735949,C2,NA,NA
-0.151511746487577,0.15755832947448384,2.2088529600190947,C2,NA,NA
-0.10199877372506105,0.15495647228934248,3.4655694918316327,C2,NA,NA
-0.12355380707845409,0.2881583671574972,0.8697886010904887,C2,NA,NA
-0.19441386460728405,0.1487883762852805,-0.22537314168249356,C2,NA,NA
-0.1489531270540891,0.20499875717465066,2.3775529571686813,C2,NA,NA
-0.13343914583197783,0.15373340740691374,3.068856873921125,C2,NA,NA
-0.01939346521814883,0.1936179055826836,2.2057022927090966,C2,NA,NA
-0.08157042897126777,0.20208953608589153,3.219758635896937,C2,NA,NA
-0.0714478756238309,0.11951066063432604,0.9925810636722359,C2,NA,NA
-0.06053807320511888,0.1840295194923196,-0.18513419748398263,C2,NA,NA
-0.15552193589942337,0.18017435977278717,2.7816905574000312,C2,NA,NA
-0.12095722147248442,0.14388294089548767,2.852466364411476,C2,NA,NA
-0.04915290846953689,0.2049344695614715,2.7794501079423912,C2,NA,NA
-0.05839376465602674,0.1509751740663488,2.952229606834927,C2,NA,NA
-0.17037241910509981,0.15676217705096904,0.050669386706445385,C2,NA,NA
-0.17083132259384884,0.1681391656989223,1.8894691379693018,C2,NA,NA
-0.12478492521606108,0.1384373686447964,2.682719202461273,C2,NA,NA
-0.1343347740730033,0.16431682840866932,3.180394403173337,C2,NA,NA
-0.14764793885590322,0.1311604077721508,1.4233066256064437,C2,NA,NA
-0.14606137435012045,0.17574771821108282,2.885330513716232,C2,NA,NA
-0.06787935490209612,0.18818692233920709,1.6708713189306859,C2,NA,NA
0.017776061551987486,0.24086202582687016,0.41790542925407914,C2,NA,NA
-0.0804447413780134,0.2625825926601659,1.301882132357001,C2,NA,NA
-0.11358475589022854,0.1864422967695016,3.4506577962365395,C2,NA,NA
-0.12789035382390238,0.21244811957761858,2.8348649691852756,C2,NA,NA
-0.17401796927926946,0.2860031046217069,0.450741693682001,C2,NA,NA
-0.04418069725567562,0.1476007224498582,2.0779974596668955,C2,NA,NA
-0.02242637543970751,0.23453671268066462,-0.5655065974841429,C2,NA,NA
-0.005385439918124978,0.16770595080369827,1.464815289551229,C2,NA,NA
-0.01912072880996344,0.17385153016545873,2.216552743197566,C2,NA,NA
-0.1813602365149795,0.20827941491306723,1.9734725844985448,C2,NA,NA
-0.09128443619691727,0.2099631973516507,3.0590039547963914,C2,NA,NA
-0.14184443648279815,0.2186844690256262,1.826007440853775,C2,NA,NA
0.012358591571024043,0.2328778636513702,1.0059671287877738,C2,NA,NA
-0.1588794490440605,0.16187921940964672,2.4440813978552107,C2,NA,NA
-0.05741929030968538,0.2118495148108278,2.3992895289971883,C2,NA,NA
-0.16013135989209779,0.20596763275611685,2.352647719639852,C2,NA,NA
-0.0304488023867295,0.14410433962043792,-2.4439634222128284,C2,NA,NA
-0.12452455022854235,0.15789301800798355,2.407331682251315,C2,NA,NA
-0.0976745093810861,0.3097949849423209,-1.905904399977889,C2,NA,NA
-0.10740045932881409,0.1610919003448094,2.710196419469958,C2,NA,NA
-0.0912157765519927,0.1667505091141504,3.4968572816730807,C2,NA,NA
-0.15288405000424637,0.24037112688673576,1.015574561425653,C2,NA,NA
-0.09866590348814243,0.23073638568126648,2.2029160094686593,C2,NA,NA
-0.13346990429937255,0.25894447130017795,1.5619631332527835,C2,NA,NA
0.002111670854192574,0.19911112266843406,1.605316529381342,C2,NA,NA
-0.08279145913181032,0.24688816701821298,1.9083600705872041,C2,NA,NA
-0.1006365775039317,0.21913366768508408,2.894738922932762,C2,NA,NA
-0.07655838849658149,0.25600488492461454,1.5605168860663685,C2,NA,NA
-0.05271409085166456,0.2370967832288195,2.1969274014024007,C2,NA,NA
-0.036230879229524046,0.19736095247876473,2.3596899422231274,C2,NA,NA
-0.10928090122291169,0.16795647550156795,3.288935057189865,C2,NA,NA
-0.10874429352135606,0.141311364658209,2.6035022390604086,C2,NA,NA
-0.0553741558451349,0.20948261040974023,2.4808151694794875,C2,NA,NA
-0.17798915880434119,0.21842551009349317,1.9286624464957796,C2,NA,NA
-0.01423659256423234,0.21643201322242844,0.2527203358862189,C2,NA,NA
-0.037235983347933814,0.1719141999248117,2.766748812036404,C2,NA,NA
-0.09823948657463107,0.18241326560747795,3.399659985965264,C2,NA,NA
-0.10671938573348033,0.12791738718547546,2.0515343138452407,C2,NA,NA
-0.12561611865135142,0.1490545251211099,3.0222618721651147,C2,NA,NA
-0.08400498665235251,0.13188932296034261,2.5884363878387973,C2,NA,NA
-0.18582603487354638,0.1665383917327224,1.6546663109018458,C2,NA,NA
-0.0924336214696472,0.19669464364475164,0.9993969067643103,C2,NA,NA
-0.04185597445056742,0.16460704064491113,2.8301312466697652,C2,NA,NA
-0.12791613713667896,0.16091627760749003,3.0427898709850707,C2,NA,NA
-0.09241676083473213,0.2092266917645083,3.0471693445948884,C2,NA,NA
-0.08964923901606454,0.14421775565804945,0.5828576426666623,C2,NA,NA
-0.08775507119980705,0.25192303291344786,2.028814603159468,C2,NA,NA
-0.14481627128929972,0.1885649902803993,3.0414888580647736,C2,NA,NA
-0.11571973072835531,0.14385764048465557,1.8399958299777142,C2,NA,NA
-0.13459630912578582,0.14025843269135943,2.3700390292267093,C2,NA,NA
-0.07310470877710683,0.2849209787847564,0.3635926868059811,C2,NA,NA
-0.1780867790542916,0.1987775010815141,1.1436977394337378,C2,NA,NA
-0.12086524125191847,0.19593561535863235,2.8893506143954433,C2,NA,NA
-0.0451665435303921,0.16230109582237226,2.873403471340721,C2,NA,NA
-0.09696572128953385,0.15427179702703336,2.557932962940953,C2,NA,NA
-0.0638353412262482,0.14338041218111958,2.0407336635953826,C2,NA,NA
-0.17784959621913782,0.1780854105374635,2.125014074657857,C2,NA,NA
-0.05989569952845035,0.1618583405805425,3.188628305732659,C2,NA,NA
-0.01460490079175087,0.16562404098083666,1.045192152592974,C2,NA,NA
-0.13591754947168344,0.19109679965180848,3.16265264480284,C2,NA,NA
-0.013557266881117616,0.17432926934047435,2.041903698423088,C2,NA,NA
0.027153469484310428,0.21501124710266184,-1.1607158741390264,C2,NA,NA
-0.04723168567258087,0.30688929661051917,0.19564503241969433,C2,NA,NA
-0.16895700491415147,0.17515514499417645,-0.2140835617831729,C2,NA,NA
-0.07437850839548465,0.2292684898091133,2.466888775799912,C2,NA,NA
-0.10989268076015316,0.1440902411136105,1.7965961833952777,C2,NA,NA
-0.09468036319497462,0.1763244989433117,3.526841707559508,C2,NA,NA
-0.10799860692903629,0.2174626868209467,2.8561502662498905,C2,NA,NA
-0.16683691460338135,0.12492143434412321,-0.5601933919494471,C2,NA,NA
-0.16155439716800668,0.19523723675817223,2.5002722098228807,C2,NA,NA
-0.07256421211581125,0.25167154991156215,1.9772966106634176,C2,NA,NA
-0.10870558092561401,0.18924327924939272,2.5710526262493967,C2,NA,NA
-0.07912400739961402,0.1776749808495706,2.910836815148862,C2,NA,NA
-0.16222042229457945,0.1807985256752524,2.654756678411472,C2,NA,NA
-0.17239170487240849,0.16383341848825317,1.5944557839143632,C2,NA,NA
-0.08886914821988812,0.1410113280654553,0.8404727615513394,C2,NA,NA
-0.13993481380430434,0.29319785006666454,0.6939179710258685,C2,NA,NA
-0.17013869969915402,0.16556019194265412,2.196517380868288,C2,NA,NA
-0.1162190969270609,0.1122377800542712,0.4223076997970163,C2,NA,NA
-0.10446120945419896,0.14428392555346992,3.172493178144398,C2,NA,NA
-0.06746570799431742,0.13860347098440823,2.481247664169376,C2,NA,NA
-0.13220917574740954,0.17263479764587375,2.152227153647318,C2,NA,NA
-0.12321484620466702,0.19065619611291815,1.5545253274261976,C2,NA,NA
0.043927024388774064,0.2338234420719311,-0.038416717937796996,C2,NA,NA
-0.026682108048164156,0.21574194917323072,2.213553453694442,C2,NA,NA
-0.058492431155246716,0.20881792215420625,2.737355826818178,C2,NA,NA
-0.11199789716035345,0.196714448871929,3.1836337324573316,C2,NA,NA
-0.10038479880803189,0.13661112955816793,2.8969460765213935,C2,NA,NA
-0.04040126737623789,0.182537131437739,2.885128465543435,C2,NA,NA
-0.0754061469568168,0.20283280291369968,3.1594837973519136,C2,NA,NA
-0.06555195804855875,0.1697489563162169,3.340963199292287,C2,NA,NA
-0.05218361865019487,0.14594149231443815,2.25733956604176,C2,NA,NA
-0.058219124453787616,0.17047232798222467,1.9733943236334568,C2,NA,NA
-0.09980701421732578,0.12169181734644373,1.5111961178407265,C2,NA,NA
-0.11841258192439036,0.17464574860528032,3.206203149256339,C2,NA,NA
-0.10169387841663555,0.2010930887800377,3.1857078080599646,C2,NA,NA
-0.12292971285542054,0.14530746131873792,2.9992082139356047,C2,NA,NA
-0.14679334480111556,0.27410849972158485,0.27455337147995174,C2,NA,NA
-0.09584423583882054,0.1366580329999339,2.6902826843477383,C2,NA,NA
-0.11497865770319869,0.24355088366828365,2.199744600877601,C2,NA,NA
-0.04941867473252585,0.14296709728175686,2.463129390228799,C2,NA,NA
-0.16915164745770797,0.17210467433636079,0.6038869699615304,C2,NA,NA
-0.10329192658143244,0.20562899795133543,3.1842746918600837,C2,NA,NA
-0.09421510236422906,0.21913555621716982,2.8941151047379177,C2,NA,NA
-0.08323897807240754,0.18938201133130506,3.433009223805257,C2,NA,NA
-0.07611427868259682,0.19536775929428135,3.2480061471863317,C2,NA,NA
-0.12409059175524739,0.16690524353170477,2.733669636211423,C2,NA,NA
-0.11398799289723828,0.14815820006043193,2.3495164586899513,C2,NA,NA
-0.13682900454404776,0.24928932390347433,1.9427247255217681,C2,NA,NA
-0.10638302707478355,0.17753722475445838,2.862156348381169,C2,NA,NA
-0.03234984296555928,0.16276947929049496,2.0595723624261466,C2,NA,NA
-0.2248532581477864,0.22915612689225415,-0.7051212256191368,C2,NA,NA
-0.10017457695576655,0.12014256386096071,-0.09925431223357162,C2,NA,NA
-0.13428238822476882,0.16983635714611123,3.1913892922681333,C2,NA,NA
-0.1516461205483514,0.16864098816260115,2.8579452306126365,C2,NA,NA
-0.02925004313255606,0.16083129122343717,2.2829496771132307,C2,NA,NA
-0.0933995827968774,0.1645158810158194,3.362143680417269,C2,NA,NA
-0.08572802495018374,0.196592707314675,2.7510562308994437,C2,NA,NA
-0.15525931066585286,0.13373341664659877,1.2552452165633885,C2,NA,NA
-0.059790044450549334,0.21314904537083887,2.6617379302787727,C2,NA,NA
-0.043149886858873346,0.18939464001076506,2.8923265481824845,C2,NA,NA
-0.1074968916684463,0.11373627008617014,0.5061191053555021,C2,NA,NA
-0.10940661860060921,0.18796132178103,3.443710989047325,C2,NA,NA
-0.18541941426416889,0.20254033368115282,1.9405007170929442,C2,NA,NA
-0.10857445340849253,0.19216893008514102,3.237126190661251,C2,NA,NA
-0.10994987275860872,0.18211026565316318,3.461217666710623,C2,NA,NA
-0.02754288019654252,0.1564540772940232,2.1948177319797635,C2,NA,NA
-0.09548574157515285,0.18773047096750223,3.253440528601731,C2,NA,NA
-0.1340242644498057,0.22184354010140542,2.6362694258345116,C2,NA,NA
-0.09150817729381264,0.2712301233984672,0.6079123565771112,C2,NA,NA
-0.12576343525277422,0.19110189941128014,0.9992121606628737,C2,NA,NA
-0.16301025190029161,0.1717690706248604,2.54966086733239,C2,NA,NA
-0.17775601587978423,0.2211969434443231,-0.14578228228532408,C2,NA,NA
-0.0532687223038167,0.1762938629038965,3.1376168183425905,C2,NA,NA
-0.11797908981082082,0.1995510522365768,2.9348833731717536,C2,NA,NA
-0.12013305028858554,0.1988166413675554,2.7099831014082696,C2,NA,NA
-0.11689584059981542,0.13826834945247493,2.8031136604958258,C2,NA,NA
-0.14357807131053715,0.20036974782362743,2.9281038061801126,C2,NA,NA
-0.08495236635334767,0.24122042985572134,1.8910311544421132,C2,NA,NA
0.020402662854559384,0.15953816668907592,-0.2749283628310373,C2,NA,NA
-0.062250615783204975,0.13207434545202923,2.1768609308236853,C2,NA,NA
-0.11664179643931834,0.19589088260389656,2.731160390118274,C2,NA,NA
-0.06270140755928254,0.15544865654962303,3.179899551005315,C2,NA,NA
-0.12999928300262772,0.1521741210840638,0.4298448473365015,C2,NA,NA
-0.019180429981704553,0.17846826829065426,2.230055555067742,C2,NA,NA
-0.16683691460338135,0.12492143434412321,-0.5601933919494471,C2,NA,NA
-0.22848923159263895,0.17273476277821542,-0.3564706615155604,C2,NA,NA
-0.20338936333182617,0.22439713814430712,1.235003024238536,C2,NA,NA
-0.1946672319796387,0.22633156130728985,1.2800988190027418,C2,NA,NA
-0.09757104413452493,0.14732865972416864,2.6761344762668724,C2,NA,NA
-0.08288919131808753,0.17501979771322757,3.50421194270609,C2,NA,NA
-0.12209446749199723,0.17799715843478098,2.429741170943064,C2,NA,NA
-0.11498422040349965,0.15292380474979422,3.2608621452236495,C2,NA,NA
-0.09971575334826534,0.1627689731313062,3.5229547507272523,C2,NA,NA
-0.06306960656522548,0.15141559579160188,2.7899591822008754,C2,NA,NA
-0.09714813221574858,0.186264775597192,3.4429555869614887,C2,NA,NA
-0.08012113600283584,0.17794338286970818,3.522728157228859,C2,NA,NA
-0.1000742013443774,0.16385802829618923,3.5893921520116097,C2,NA,NA
-0.027291993374502128,0.22408672005372238,2.0427349332088807,C2,NA,NA
-0.06074122275267637,0.29235198491120185,0.6012003667334849,C2,NA,NA
-0.016438178952973823,0.16905353984331406,0.713541223896351,C2,NA,NA
-0.10909326643411286,0.15470795179567623,3.2614998242661457,C2,NA,NA
-0.11899885853373393,0.15067467743200227,3.1808622721242754,C2,NA,NA
-0.0763443465608657,0.19160558287284898,3.3498955458608384,C2,NA,NA
-0.017070092391305282,0.21071355453049836,2.018778150267932,C2,NA,NA
-0.10892331309396808,0.17059467811831655,2.8712939822257306,C2,NA,NA
-0.09431769064402357,0.17383611243267105,3.598350163355499,C2,NA,NA
-0.07511101413228936,0.19899266233262328,2.981873632629494,C2,NA,NA
-0.11437416560530643,0.19193914730140466,3.126815902865211,C2,NA,NA
-0.027345783137488477,0.23961079337374844,1.283740083732908,C2,NA,NA
-0.04118695241515018,0.1529015616085064,1.6316428355198753,C2,NA,NA
-0.09788998823625177,0.15638883624972763,-1.4027931373439189,C2,NA,NA
-0.13651539686186903,0.1988873527632458,3.0004415820318298,C2,NA,NA
-0.17355216572656545,0.2792538185065129,0.46924506406866273,C2,NA,NA
-0.03270446904036538,0.13989033126825515,1.695877963477217,C2,NA,NA
-0.030406020530471974,0.25004392385377683,0.16712920926698338,C2,NA,NA
-0.09424082154424158,0.26450124944165315,1.5505767835311421,C2,NA,NA
-0.1469292854968163,0.24125392196275072,1.5567002908753955,C2,NA,NA
-0.11413518390572155,0.17326036005596296,2.9223958221534554,C2,NA,NA
-0.09866434034265856,0.12626913296856004,2.0850493919232322,C2,NA,NA
-0.16603228834049233,0.14850803240217594,1.7543821355934064,C2,NA,NA
-0.2378733361358962,0.2912599612574392,-0.7261166910424949,C2,NA,NA
-0.14797026448982334,0.18296085415860044,2.8191289395289356,C2,NA,NA
-0.053351889095155126,0.2203728473218269,2.583582487664132,C2,NA,NA
-0.08322344119906311,0.14319448069075902,2.562959826621289,C2,NA,NA
-0.12210741671267923,0.1465777177098152,3.027769637184077,C2,NA,NA
-0.097407074649776,0.13838035326713174,2.518062798373016,C2,NA,NA
-0.09706606863118893,0.18856017621954052,3.4426996588721246,C2,NA,NA
-0.07704101118681775,0.20591185398062184,2.819370686113192,C2,NA,NA
-0.0424103874988379,0.17797013206596743,2.9045173151055153,C2,NA,NA
-0.13234907139373314,0.20446766556103207,2.1047050432549805,C2,NA,NA
-0.1707498976712296,0.1991789444349083,2.0115135835265736,C2,NA,NA
-0.08707948878616267,0.17466471509910214,3.581061843434279,C2,NA,NA
-0.09408807749321325,0.15590379429790446,3.4925097323236036,C2,NA,NA
-0.16027425922062333,0.1791683561055446,2.689763588328776,C2,NA,NA
-0.2069124712766109,0.20182864998696198,1.1750085560921337,C2,NA,NA
-0.18640784282001205,0.1998680373936096,0.9823156408594951,C2,NA,NA
-0.07637525488482017,0.2177374045162969,2.5768086541959865,C2,NA,NA
-0.16910853831579153,0.19610882329337428,2.4281788151031063,C2,NA,NA
-0.21168337641018448,0.16199003361234657,-0.045711068814117795,C2,NA,NA
-0.11628739705918609,0.1657990727312474,3.144317308443928,C2,NA,NA
-0.009887426210580683,0.31667936474309155,-0.5344878700874736,C2,NA,NA
-0.13962262886356663,0.17523278981535192,2.573771712186102,C2,NA,NA
-0.046931691708962255,0.16432644632215382,2.962281363486454,C2,NA,NA
-0.12050416238312761,0.17028102941436765,3.2938899414837257,C2,NA,NA
-0.03022535899358776,0.21829796745690977,2.214650973575699,C2,NA,NA
0.04889481876792839,0.3811628534678346,-2.8238066728866222,C2,NA,NA
-0.12685223651038835,0.1602424413513307,2.375536464876454,C2,NA,NA
-0.11802301942364302,0.2238810668880106,2.088579746887368,C2,NA,NA
-0.1397799167668711,0.16975657707103237,2.9133862096384915,C2,NA,NA
-0.1127605387327016,0.1910405181320504,3.2447188319839113,C2,NA,NA
-0.004872626639967861,0.2076660798372229,1.5103108323940404,C2,NA,NA
-0.05098270471337006,0.12249712366683749,1.0338481732231433,C2,NA,NA
-0.04626528185331175,0.13075500599099174,1.3514036152737297,C2,NA,NA
-0.14115718312871586,0.2702887924117693,1.3002816212968438,C2,NA,NA
-0.17859660880083417,0.29260384247404503,0.2623564896928572,C2,NA,NA
-0.2532029540221457,0.2297673811148399,-1.4715566296330114,C2,NA,NA
-0.11085234138681059,0.2283418359725885,2.6504333285142314,C2,NA,NA
-0.12568421758391907,0.14600930417998492,2.780985219986994,C2,NA,NA
-0.11103242270462883,0.1296542936076088,1.8294473471820671,C2,NA,NA
-0.09490504614558892,0.18409161957619424,3.2995161957724486,C2,NA,NA
-0.14794159930018902,0.2645403860074148,0.3812002047238787,C2,NA,NA
-0.040220792278883574,0.17274451020740889,2.689581498173318,C2,NA,NA
-0.0657069435382833,0.15282240478984943,3.1002562491929293,C2,NA,NA
-0.06373657488396167,0.14768570406686454,2.7231640909791546,C2,NA,NA
-0.189074468583526,0.2705128456427699,0.03485884749033019,C2,NA,NA
-0.0722764191108274,0.12903393825589274,1.794259151812513,C2,NA,NA
-0.08466734073821647,0.1920001205753438,3.404059519784829,C2,NA,NA
-0.07722935268878076,0.18441097736377932,3.0953452429212147,C2,NA,NA
-0.09727943240875576,0.18105881226239406,3.1948945102657706,C2,NA,NA
-0.08555494932214482,0.16136327705784145,3.541602657596668,C2,NA,NA
-0.047259914094423705,0.1995324582931568,2.5520933520522524,C2,NA,NA
-0.0893074378603492,0.163451732352963,3.5601568315240995,C2,NA,NA
-0.10147736702041249,0.18946515594296776,2.194484682416897,C2,NA,NA
-0.0876762557105673,0.15708846373601315,3.366580477126977,C2,NA,NA
-0.050189971590879484,0.14967339575317878,2.1204243157066465,C2,NA,NA
-0.14130676069099718,0.17256011980294136,2.972761158387943,C2,NA,NA
-0.17435913329683358,0.1726816114036078,2.2181058683577404,C2,NA,NA
-0.09283847652036316,0.1791262893071405,3.392299607027363,C2,NA,NA
-0.029074941637384687,0.14920778287454423,1.963273944611049,C2,NA,NA
-0.07670737001615387,0.2223067107892346,2.6888577592951197,C2,NA,NA
-0.10020147724163014,0.14558668187365256,3.19014523230667,C2,NA,NA
-0.058664794332750736,0.18263918466066895,3.185023781995315,C2,NA,NA
-0.08913130716669426,0.16961041557238954,3.5983687416292023,C2,NA,NA
0.14067959244803957,0.3376375402812555,-4.299315368565968,C2,NA,NA
-0.06296291216687136,0.21348319442266545,2.2538816457135273,C2,NA,NA
-0.11256937971188176,0.22004292553519444,2.659944698968601,C2,NA,NA
-0.08680290878092767,0.2285822677759598,2.6150913077647813,C2,NA,NA
-0.09874509738360379,0.13739884687554305,2.8949055160655828,C2,NA,NA
-0.08221870678288586,0.15632410033190952,3.4305280089182624,C2,NA,NA
-0.16603228834049233,0.14850803240217594,1.7543821355934064,C2,NA,NA
-0.03552848862254879,0.17940428534692293,2.6544546688629076,C2,NA,NA
-0.1434114941418884,0.21304084419767708,2.605812231183336,C2,NA,NA
-0.13747866085525504,0.19966633736247022,2.727552806241502,C2,NA,NA
-0.09805663469849156,0.1388968492591225,3.009898811639734,C2,NA,NA
0.059703943433626866,0.2613898267515054,-1.4134657746305717,C2,NA,NA
-0.09864038467610146,0.19793072470630665,2.523303642151744,C2,NA,NA
-0.02478202416552655,0.18099904115034374,2.4664902241780986,C2,NA,NA
-0.10601952121534916,0.20693155161160592,3.1487014829749995,C2,NA,NA
-0.13542440947747286,0.15619521727889688,2.8651321486782457,C2,NA,NA
-0.024205489263169105,0.13822222902407755,1.0879519116056926,C2,NA,NA
-0.026564821548008752,0.1812720505026855,2.147884756696409,C2,NA,NA
-0.09805130415437988,0.1336993204343359,2.6755841236699416,C2,NA,NA
-0.1384226462357873,0.12898833168482585,1.6396758734902472,C2,NA,NA
-0.13856423668562104,0.17488643540642165,3.113509550859482,C2,NA,NA
-0.020714966881446598,0.125499809414137,-0.34457718273973637,C2,NA,NA
-0.09355616318238957,0.18730672460594178,3.4510790012983605,C2,NA,NA
-0.08458324203831913,0.18247730527475364,3.2019079800827734,C2,NA,NA
-0.08287672508345462,0.22496703833004408,2.592353730440416,C2,NA,NA
-0.027052144590409215,0.15628272471843782,2.1838508723492716,C2,NA,NA
-0.05258854497440708,0.26141746212985306,1.3781470374940366,C2,NA,NA
-0.09012259400668293,0.16230330562020762,3.540771034702784,C2,NA,NA
-0.16376078791690885,0.13432136302499872,1.0549098525579068,C2,NA,NA
-0.13519351487920045,0.14404444572676242,2.719018062242779,C2,NA,NA
-0.13118870229627258,0.15523477338677802,2.8020487036897563,C2,NA,NA
-0.20285778557358192,0.18563377347472124,1.2900723813416852,C2,NA,NA
-0.09794629106840197,0.15229377849407502,3.0796944874565,C2,NA,NA
-0.08000242682690131,0.14974355667884842,0.6637109045943888,C2,NA,NA
-0.023044728511536335,0.3283936755112263,-0.552243196324139,C2,NA,NA
-0.08759376448917966,0.18437553474174678,2.7094042281928346,C2,NA,NA
-0.020406923434432785,0.21038047263981394,1.6342686889890095,C2,NA,NA
-0.20158808487666977,0.2226561596206361,-0.3249578308328387,C2,NA,NA
-0.13223096004492366,0.2125695345320625,2.4575003930946204,C2,NA,NA
-0.039210533633105935,0.16666899234375387,2.7057986402160665,C2,NA,NA
-0.05264833167080377,0.16068443893959186,3.012760848311774,C2,NA,NA
-0.13661187793260202,0.13307743518985396,2.046965028048459,C2,NA,NA
-0.1707735140089073,0.24615842756577916,0.8753984013803873,C2,NA,NA
-0.07634499637498177,0.16273428038378768,3.397982012144908,C2,NA,NA
-0.10230658870006834,0.21348515772030313,2.969647462400931,C2,NA,NA
-0.11435502793777198,0.15359756912868797,3.3805030475578057,C2,NA,NA
-0.1224248295236881,0.22058210142384937,2.531206414145044,C2,NA,NA
-0.10656146908837297,0.17215381284005477,1.1673102389666221,C2,NA,NA
-0.08181056291300182,0.14602258858430187,1.929241599034765,C2,NA,NA
-0.061593136917575966,0.1649351899611909,3.2568300496862177,C2,NA,NA
-0.10983279043740651,0.1666701202674566,3.5639733015514112,C2,NA,NA
-0.13882549692644225,0.14437185905198238,2.2442850695244516,C2,NA,NA
-0.1223823816711623,0.1310682520859267,2.2572799562048624,C2,NA,NA
-0.03397787323910455,0.22099603638633408,2.1032921568557925,C2,NA,NA
-0.07017514009633545,0.1450021318661254,2.2362003618523447,C2,NA,NA
-0.09531494430386575,0.2186373511284253,2.5438446829065,C2,NA,NA
-0.11354368391346986,0.14652637293024964,3.205939944659904,C2,NA,NA
-0.12238976021915264,0.15730467466441858,3.277333055454047,C2,NA,NA
-0.15211184077756373,0.1448068268122733,2.1303008715238834,C2,NA,NA
-0.09722072724369613,0.250452786408604,1.6872605814339798,C2,NA,NA
-0.09387941387813872,0.12807445024496258,2.161800787309745,C2,NA,NA
-0.12801473622144874,0.13936403217565288,2.6671989778520615,C2,NA,NA
-0.04894627232344408,0.1667595976869265,2.9298111813137684,C2,NA,NA
-0.14691940371134718,0.16538461087630627,2.624869394438658,C2,NA,NA
-0.057976425047881704,0.1688798697992937,3.245252247173032,C2,NA,NA
-0.10580263741029006,0.15593547605286984,1.9900753183241764,C2,NA,NA
-0.09317251195754593,0.13963835884093684,2.559494376912218,C2,NA,NA
-0.01789759238480868,0.15325180730569568,1.1546798578216082,C2,NA,NA
-0.06892241799527728,0.1917030404591334,2.241600201494818,C2,NA,NA
-0.036820017680723474,0.1625060852573482,2.6481267815482585,C2,NA,NA
-0.08623638030613152,0.17368513955946313,3.4115212562121853,C2,NA,NA
-0.06951177282723443,0.1908544263947509,3.3046201646027833,C2,NA,NA
-0.01183477820780586,0.2693719624924571,0.754907959303107,C2,NA,NA
-0.10439193151164858,0.344051490719448,-2.235302527194036,C2,NA,NA
-0.0749500332058543,0.17605964337657887,3.3900393225325924,C2,NA,NA
-0.09324979534284868,0.1263727029644988,1.585168618540088,C2,NA,NA
-0.07842927507499384,0.16062096986155935,3.094317218736074,C2,NA,NA
-0.09581481991282241,0.13109456211661003,1.5055731072520455,C2,NA,NA
-0.10620106886087143,0.2590365904816572,1.7701644511536738,C2,NA,NA
-0.017358789257875443,0.2685865497983485,0.6955288043648373,C2,NA,NA
-0.15463293355350385,0.15938010829436758,2.5677020238557757,C2,NA,NA
-0.14984421887541013,0.2461825008625631,1.877159450938104,C2,NA,NA
-0.16321056224435943,0.16818420933713038,2.2412259368747804,C2,NA,NA
-0.07098921754129725,0.19973439776583254,2.935738789762087,C2,NA,NA
-0.0455597767484133,0.15809527547620492,1.682104930299896,C2,NA,NA
0.014342750059879693,0.2443521412651779,0.7761981447188653,C2,NA,NA
-0.09708960060045743,0.1424608412316717,3.1652151141472356,C2,NA,NA
-0.1644149943223214,0.19711117979305404,1.5427782601364077,C2,NA,NA
-0.10342895214489309,0.1543373292375811,3.3394437362832,C2,NA,NA
-0.14020494608706502,0.32623322665675036,-0.3129659462703409,C2,NA,NA
-0.11835004928159656,0.1572210525720348,3.3502816337701447,C2,NA,NA
-0.0880623987445089,0.24801223472555778,1.99977562787902,C2,NA,NA
0.04100459565322016,0.2054901206516228,-0.8164100215191934,C2,NA,NA
-0.15216457216755602,0.19227431996532057,2.8211808110251835,C2,NA,NA
-0.1354435572753664,0.22152055172183976,2.593340257769716,C2,NA,NA
-0.1585280869395208,0.1541678726038505,2.1321946743270956,C2,NA,NA
-0.022337947486521917,0.17157276687980103,2.316001870275307,C2,NA,NA
-0.11856452176907147,0.20259066302810017,2.5587171633233803,C2,NA,NA
-0.15322889189121278,0.22684971193548625,2.1847206572586915,C2,NA,NA
-0.011482065243570528,0.1876950701678003,1.9803128160640355,C2,NA,NA
-0.15725265033051472,0.14081783741106202,1.6476220190665885,C2,NA,NA
-0.12148591639282601,0.20190692722121106,3.134090212504703,C2,NA,NA
-0.11250066449129809,0.1914671450729423,3.347039910034639,C2,NA,NA
-0.06305569233888088,0.17571107798580465,3.3389119446375366,C2,NA,NA
0.07182867190184469,0.33563688394968977,-2.6752665389109604,C2,NA,NA
-0.1762489070905947,0.1736442028857737,1.9625030010248823,C2,NA,NA
-0.12097839309507136,0.15070500899487238,2.882602910341335,C2,NA,NA
-0.15000598456708975,0.23712634804059013,-0.26366605749892136,C2,NA,NA
0.048032374352244916,0.20749110206466484,-0.8844152877218405,C2,NA,NA
-0.0916864717519513,0.1791324845264236,2.656477244693166,C2,NA,NA
-0.08716535465489893,0.16790820619584584,3.5782154410112614,C2,NA,NA
-0.06252657341690611,0.20477296433272868,1.9493095177805375,C2,NA,NA
-0.07627142660875913,0.17066675833090378,3.5116847167824643,C2,NA,NA
-0.14244769103633195,0.23525195123463755,2.199400774586438,C2,NA,NA
-0.04325754586635782,0.24179848455607386,-0.740626719676581,C2,NA,NA
-0.18451645187340213,0.2236095624269397,1.2511453207940653,C2,NA,NA
-0.11714472745229804,0.16943170886061035,3.439127332873251,C2,NA,NA
-0.12013071886042817,0.21984332795551348,2.168081327212199,C2,NA,NA
0.0012627677437470203,0.2047310450919234,1.4905364126124794,C2,NA,NA
-0.1413181406249605,0.13016768685509775,1.688317324392317,C2,NA,NA
-0.11479852406393469,0.1732083158818731,3.518079103077839,C2,NA,NA
-0.16206492707008677,0.18760020969373647,2.6403499746489394,C2,NA,NA
-0.14021247206701082,0.3183725743773308,-0.4169268133752515,C2,NA,NA
-0.19147627225347325,0.1865261552481051,1.6619794110553245,C2,NA,NA
-0.0767935927530827,0.1728061810153541,3.5101454120798694,C2,NA,NA
-0.16244451934093185,0.18081154729810234,2.5196180730424054,C2,NA,NA
-0.08470231536825024,0.16202203082433028,3.535553204702529,C2,NA,NA
-0.116673665867109,0.1431827594270616,1.174387281334086,C2,NA,NA
-0.09565376653843399,0.1758853306512162,3.3047623978061615,C2,NA,NA
-0.1609214112766058,0.161068922785345,2.4872746045456067,C2,NA,NA
-0.17690517017003937,0.14685990566542867,0.8577162640714779,C2,NA,NA
-0.07545449803735532,0.1886873582424619,1.4938194437296581,C2,NA,NA
-0.3038205803360788,0.2667286428136316,-2.5456037356472354,C2,NA,NA
-0.11509051934614448,0.2063088732238082,3.0629715854436665,C2,NA,NA
-0.14945847138176552,0.16070298716612375,2.5652830347260505,C2,NA,NA
-0.0586532773405432,0.18875927464393366,0.9407770110749154,C2,NA,NA
-0.06716875404692502,0.15039306051082257,3.0747355031992365,C2,NA,NA
-0.12447178153626819,0.2467236129412753,2.0651522020723836,C2,NA,NA
-0.05301433616103702,0.25342147803559967,1.4699395520141727,C2,NA,NA
-0.021498383527238447,0.22598036595141424,0.9781224203221903,C2,NA,NA
-0.08947007448140457,0.14805540808803935,2.508710804647415,C2,NA,NA
-0.11826427810072443,0.19131064748044774,2.854235659749122,C2,NA,NA
-0.1686832269525722,0.26468709475654,0.8934626578373219,C2,NA,NA
-0.1484586215768217,0.25323584809325284,1.5807966886838778,C2,NA,NA
-0.10337370912547786,0.17463334726815372,3.5246873563734464,C2,NA,NA
-0.07764590357326762,0.18296239471093215,0.5966197775589825,C2,NA,NA
-0.09008600750609332,0.1397342927974326,3.044621598295117,C2,NA,NA
-0.14320704446160396,0.21094796966092783,2.6491969754494953,C2,NA,NA
-0.06529143989749747,0.14033498245564296,2.4558326444607257,C2,NA,NA
-0.05657247877578196,0.22260200675942898,2.5060569072276793,C2,NA,NA
-0.10318586905918417,0.19764168027387236,3.2413412345195276,C2,NA,NA
-0.0615372358272529,0.1601867733764112,-0.07577451368364296,C2,NA,NA
0.010326902442919332,0.2483708003633164,0.7967457721528515,C2,NA,NA
-0.10413037506676667,0.17993009884444897,3.2856361112836803,C2,NA,NA
-0.05444934959219869,0.1915055498645552,2.3419566517358663,C2,NA,NA
-0.10654020854446401,0.1823137524264767,3.01801577443681,C2,NA,NA
-0.0442927011597535,0.17779677248479198,2.0535633927682677,C2,NA,NA
-0.04747809080930094,0.1953489885227723,2.1060196551668096,C2,NA,NA
-0.11638670678846566,0.13084075784081445,0.5514074112935674,C2,NA,NA
-0.06698816558036794,0.222974417046385,2.6000748231532915,C2,NA,NA
-0.057754464110031885,0.19807209534543943,2.0119720448052028,C2,NA,NA
-0.1463509358275211,0.16858063099433301,2.985379665087777,C2,NA,NA
-0.11587126805410122,0.20324610353046102,2.8899375720813087,C2,NA,NA
-0.09007463778774119,0.1943927494964635,3.0097656592558084,C2,NA,NA
-0.09520413933238002,0.1710851619478901,3.5193295779305025,C2,NA,NA
-0.07506979888842837,0.14650648973569116,1.5979733656783366,C2,NA,NA
-0.10132691427785367,0.1578307623817991,2.8364189906311212,C2,NA,NA
-0.14010825060940563,0.15743961152456673,2.3095216403663805,C2,NA,NA
-0.06307245681190195,0.14872251549329732,3.0047008178365946,C2,NA,NA
-0.1188249649964234,0.13646950957003268,2.652134162833388,C2,NA,NA
-0.12496941314779073,0.2506132658529389,1.5368638642624228,C2,NA,NA
-0.14905516617233985,0.15937425015485687,1.9725595305245065,C2,NA,NA
-0.04978091831444912,0.12014582780209085,0.6889035795943088,C2,NA,NA
-0.02901325004496369,0.30926609059207966,-0.3259505905111133,C2,NA,NA
-0.09893469670104904,0.1626550405522701,3.5277648252384726,C2,NA,NA
-0.04573029017263251,0.16439303744553768,1.6175402473701572,C2,NA,NA
-0.1637084568249689,0.28927835143713404,-0.373649694627723,C2,NA,NA
-0.11307605339130043,0.11350183681998191,0.6225773994045767,C2,NA,NA
-0.08443597344798673,0.2694721771845836,0.6127668531021275,C2,NA,NA
0.001345412648718576,0.21072871711948646,1.4456533367342286,C2,NA,NA
-0.08973369676745674,0.14701014682640512,2.8172418574893774,C2,NA,NA
-0.1306525031516769,0.1786768925990981,2.3502044675782647,C2,NA,NA
-0.108867234413755,0.1589188865975652,3.1253659794309403,C2,NA,NA
0.0037932440843558707,0.21785993023268369,0.7104246040048832,C2,NA,NA
-0.1292689638431727,0.15612794825573723,1.817516027173507,C2,NA,NA
-0.10600613014490398,0.15165113346765308,3.288993214529591,C2,NA,NA
-0.07175844537564191,0.15046449545409846,3.2075136518103164,C2,NA,NA
-0.08934247943306836,0.20230347531941364,2.4333417645025066,C2,NA,NA
-0.17758741659485633,0.14235079271924686,0.8995094046447276,C2,NA,NA
-0.10292692662494751,0.19873699981612786,2.1277323295555783,C2,NA,NA
-0.11432733978210652,0.15485532601918364,1.1862800206938777,C2,NA,NA
-0.11410233559640279,0.15046586193751635,2.6817161261906843,C2,NA,NA
-0.09815278268172148,0.18728665898940144,3.268495826702981,C2,NA,NA
-0.13962227019350495,0.20953993610651206,2.4465348913011087,C2,NA,NA
-0.3061640894032537,0.4249358836022904,-4.559078831222298,C2,NA,NA
-0.12278067649636726,0.19970947886655502,2.52934775715986,C2,NA,NA
-0.0844733004462186,0.15420187663923743,3.4137039857947657,C2,NA,NA
-0.11375893836132034,0.22048090809304083,2.5347851965434973,C2,NA,NA
-0.08196056507992498,0.2166874539623502,2.4665050542036164,C2,NA,NA
-0.11037249473090273,0.1971889141192299,3.146271746012392,C2,NA,NA
-0.12317105179208361,0.19202720093726,2.3750304106780926,C2,NA,NA
-0.07323089538261478,0.2537766062355652,1.8791464317613413,C2,NA,NA
-0.14223118481539723,0.18597280404646682,2.7747592615964516,C2,NA,NA
-0.14247635787825255,0.12628957427782225,0.17211305430274226,C2,NA,NA
-0.1523413570244106,0.200132533891709,2.7776895844208043,C2,NA,NA
-0.04630240993491387,0.19487897814322364,2.877124165664142,C2,NA,NA
-0.08941868882434936,0.16472808893550075,3.4096959572420475,C2,NA,NA
-0.1316215706458749,0.21281937483375923,2.110983881620868,C2,NA,NA
-0.14020879189897734,0.1870704994749372,2.6991449071739284,C2,NA,NA
-0.24086561922984845,0.34997051070735374,-2.024947796547587,C2,NA,NA
-0.15391874958902882,0.26496380771437716,1.345640013561399,C2,NA,NA
-0.06594454986766178,0.26339094279088493,1.534162546947575,C2,NA,NA
-0.13898071757545738,0.1537578622034033,2.876872592560722,C2,NA,NA
-0.08169807192951228,0.17557450856270512,2.689049248520787,C2,NA,NA
-0.06169448467250201,0.1437777057215054,2.8105116788760087,C2,NA,NA
-0.0413811441872603,0.23128187864713298,0.8937869865807895,C2,NA,NA
-0.18132279511460345,0.2115970620090465,1.8685591505100252,C2,NA,NA
-0.06770100614321486,0.16261949223421449,3.22070009471837,C2,NA,NA
-0.0751267157311114,0.2394654897394641,1.9363143399724065,C2,NA,NA
-0.057578565451642166,0.18524379884617329,2.8213006714487427,C2,NA,NA
-0.08059118185848302,0.18701553119244463,2.165134315442652,C2,NA,NA
-0.08971909841721003,0.1775663716825264,2.787820684894325,C2,NA,NA
-0.0835492953443134,0.2890168658030822,0.6287351788310478,C2,NA,NA
-0.12437167584370962,0.16972549178907181,2.7788214799069726,C2,NA,NA
-0.11096555575949102,0.16466814045713526,0.49496450106050904,C2,NA,NA
-0.13941870092422834,0.15922950600799457,3.049025641135813,C2,NA,NA
-0.06869145879695128,0.15617799535184373,3.283410848331185,C2,NA,NA
-0.034575787796414896,0.11630499807220092,-1.774426903210496,C2,NA,NA
-0.07359339453174074,0.22316934084950613,2.4225499823533667,C2,NA,NA
-0.13609169859375758,0.14618129856687515,2.76669650854776,C2,NA,NA
-0.0934681110008376,0.16580881643551598,3.3615547532310677,C2,NA,NA
-0.19423985383778533,0.2850650901380336,-0.6312237195740588,C2,NA,NA
-0.12166587839235586,0.17304433718737025,2.8739945730677867,C2,NA,NA
-0.1550440494934737,0.2210433989300077,2.3103388928476796,C2,NA,NA
-0.22565652978315243,0.3034026955808964,-0.7832646292175616,C2,NA,NA
-0.037646460442570445,0.20002628061500838,2.5940004070844274,C2,NA,NA
-0.15177199040580802,0.13294394925941502,1.4648491543950315,C2,NA,NA
-0.058044130951624126,0.13430387259990195,1.9952409715318629,C2,NA,NA
-0.03207506590921021,0.139266245413666,1.421257957850527,C2,NA,NA
-0.2031657811076869,0.2144610320771412,1.2128969031850185,C2,NA,NA
-0.09586226172757002,0.18504041078705186,3.4679230465614648,C2,NA,NA
-0.07671833733873852,0.12837579718706157,-0.616666569691765,C2,NA,NA
-0.15476688148457451,0.15977664436080233,2.640150590860965,C2,NA,NA
-0.11250756755878931,0.22446814513461144,0.3041403981037303,C2,NA,NA
-0.042884439040504194,0.1692834230406316,2.4029022561123456,C2,NA,NA
-0.014843995893919777,0.14499050060071222,1.1335481969796062,C2,NA,NA
-0.1088246549373458,0.18938307134852714,3.004910019490095,C2,NA,NA
-0.1468860424617444,0.16917532785321096,1.1620184518895162,C2,NA,NA
-0.050590460273507144,0.1768986615535499,2.5561045514322913,C2,NA,NA
-0.10175918265027664,0.1728900569540767,3.4660805925946994,C2,NA,NA
-0.1202283367520854,0.1567386445010538,3.289632956485919,C2,NA,NA
-0.07506190223451337,0.2333336889578182,2.1781215633804174,C2,NA,NA
-0.09895486739850276,0.1737308659913608,3.3758930984561832,C2,NA,NA
-0.19426648234423122,0.17175056720329399,1.1696250042856744,C2,NA,NA
-0.08503253582884211,0.13283514997389942,2.4686457104235577,C2,NA,NA
-0.037503821815108807,0.15048925438323996,0.28382705249810947,C2,NA,NA
-0.07840985368335976,0.17116906637595664,2.621024555378569,C2,NA,NA
-0.13074844665571073,0.17869038577268875,2.915415703045322,C2,NA,NA
-0.09168959143044367,0.17802029853179951,3.2395756694980165,C2,NA,NA
0.02423591110127377,0.24662234465268995,0.05427379671599697,C2,NA,NA
-0.0700212577975076,0.1642744952979912,3.4145134578779492,C2,NA,NA
-0.06496446709928447,0.1977548853034257,2.829393973381358,C2,NA,NA
-0.07104675126682167,0.22188070121547238,1.1154069929494748,C2,NA,NA
-0.1601058464835604,0.24142304103203222,0.9560605577639238,C2,NA,NA
-0.1067538001699066,0.16339298858094714,3.2258779842825067,C2,NA,NA
-0.10005314195730092,0.13699485368106573,2.320675899424641,C2,NA,NA
-0.059488905484341936,0.1876857617245621,2.397965876100339,C2,NA,NA
-0.09893469670104904,0.1626550405522701,3.5277648252384726,C2,NA,NA
-0.07447725157911614,0.22127616895813051,2.7384239254313902,C2,NA,NA
-0.03839578708166655,0.1881155409742054,0.7401333081137857,C2,NA,NA
-0.09421077429881738,0.20374540367729987,3.194352423288913,C2,NA,NA
-0.09009325974646859,0.18063951153996055,3.249923667054424,C2,NA,NA
-0.07346676648120076,0.19510743460280955,2.984991881651461,C2,NA,NA
-0.09688097654785525,0.19044423360877447,2.9204559576106046,C2,NA,NA
-0.18277542066034255,0.18872455379143627,1.65967808851773,C2,NA,NA
-0.12808431693147182,0.17367211773771468,3.291544041250729,C2,NA,NA
-0.05027171515122778,0.18647915173185395,3.0496065744339864,C2,NA,NA
-0.12865890983878053,0.16802207874848096,3.360421955064666,C2,NA,NA
-0.08327988371132716,0.1662225409493925,3.4064551036255173,C2,NA,NA
-0.21087513939569616,0.25815350728904735,0.21313248857078282,C2,NA,NA
-0.10744010362039792,0.14994761439887208,2.904648733110064,C2,NA,NA
-0.17497401807453983,0.29607349239886444,0.2636855310356685,C2,NA,NA
-0.19712855337273932,0.1546700378971312,-0.350332633502628,C2,NA,NA
-0.08651949935973269,0.1429052958555373,2.8006271166951766,C2,NA,NA
-0.10939034322323846,0.1451947005228012,2.5209514344451014,C2,NA,NA
-0.08774367468957983,0.15036486590495962,2.8981140338638705,C2,NA,NA
-0.12650003693767706,0.18429577206725567,3.2327134777634425,C2,NA,NA
-0.10022993524566746,0.15037570316640625,3.4008247737570727,C2,NA,NA
-0.16536964453950934,0.23190265920569847,1.95182071710282,C2,NA,NA
-0.1441966405069193,0.2320378647864442,2.1180337713921094,C2,NA,NA
-0.0945552748991952,0.12212771158585489,1.324830242796848,C2,NA,NA
-0.18814947942353322,0.3385915162701626,-1.4889954237382015,C2,NA,NA
-0.12319285389586174,0.19100873589568956,3.093981399317804,C2,NA,NA
-0.1527413264105757,0.18041580974640448,2.8354272447978977,C2,NA,NA
-0.10325564991689057,0.17003503790096264,3.587810014723769,C2,NA,NA
-0.07607191427795879,0.18258947962491331,1.8023245917912707,C2,NA,NA
-0.12903747122390702,0.1545953554138802,3.1480271223110803,C2,NA,NA
-0.04377726035133618,0.13269481100700256,1.6561717766417696,C2,NA,NA
-0.1929490199994609,0.2473492563295747,-0.543225890776189,C2,NA,NA
-0.14311896841448946,0.1442455248609604,-0.23475618813338706,C2,NA,NA
-0.11708445596763055,0.16801452938257894,3.5001602388316755,C2,NA,NA
-0.16507636389526134,0.1856495626097241,2.3870190939435547,C2,NA,NA
-0.11901112466374653,0.21329046585813807,1.5977055043841784,C2,NA,NA
-0.16634737543521028,0.18775301117057844,1.1066311205967891,C2,NA,NA
-0.011363423877011489,0.17989027379893444,2.0090938133755927,C2,NA,NA
-0.07284410702917193,0.18665738818751798,3.3581347758679363,C2,NA,NA
-0.06309009509342012,0.11838136274120907,0.946019308564455,C2,NA,NA
-0.0459815378043668,0.19377662777471422,2.8707229940875263,C2,NA,NA
-0.045605443288810735,0.20519833693862147,2.720831609462883,C2,NA,NA
-0.15437440365040064,0.26814232234402846,0.8812703727929327,C2,NA,NA
-0.09376568077055135,0.18861715470819967,2.9169045594412553,C2,NA,NA
-0.2053145936190332,0.23632495422265776,0.3092222276959842,C2,NA,NA
-0.08611027610008144,0.1366475222425709,1.7211804098068573,C2,NA,NA
-0.0883865827475532,0.144044051393769,2.826187946284602,C2,NA,NA
-0.18598568593441386,0.15474944047275052,-0.6329940925529454,C2,NA,NA
-0.10038066226199095,0.13930997430700917,2.7913003360608384,C2,NA,NA
-0.17150450826361904,0.22392924649364937,1.9605811603511833,C2,NA,NA
-0.06321732038674907,0.14070120631432054,2.733415541657405,C2,NA,NA
-0.05498892192009911,0.1962258066707166,2.670813537491413,C2,NA,NA
-0.07130090016469179,0.23805049968708136,1.9835063975322544,C2,NA,NA
0.0010264797263381115,0.259310062951239,0.06926066226680083,C2,NA,NA
-0.13222639236551936,0.1937696660929,2.9526254927708875,C2,NA,NA
-0.09541133047759046,0.1807725348450192,3.5309647512880753,C2,NA,NA
-0.10998422338112421,0.20534032404460928,2.5107883224722376,C2,NA,NA
-0.12424124050687886,0.12568055504421835,1.6934389635536178,C2,NA,NA
-0.1814294600234715,0.2066670361983714,2.021698373959157,C2,NA,NA
-0.10598748791406451,0.15028359244417028,1.3371580146491473,C2,NA,NA
-0.08743238260079565,0.19561312090207011,1.079390515166259,C2,NA,NA
-0.009926643565477823,0.24316070983804572,0.8546489550926588,C2,NA,NA
-0.13201040089496477,0.25640931250751753,1.7875775807464684,C2,NA,NA
-0.0797489331096621,0.1561926833834629,1.598309774406192,C2,NA,NA
-0.1466808170216634,0.15628530400267096,2.7362053647273674,C2,NA,NA
-0.03279812308270914,0.12133727346654528,-0.3086813171524787,C2,NA,NA
-0.23288720275880137,0.39035096959530347,-2.8136961794635402,C2,NA,NA
-0.12352098261409558,0.16855208557694668,3.399601759727523,C2,NA,NA
-0.05342450272847803,0.15477623984850447,2.8259916645533902,C2,NA,NA
-0.05857867733988884,0.19759208270976106,2.864007438188678,C2,NA,NA
5.079116851691851e-4,0.16801187491767583,1.091658423694514,C2,NA,NA
-0.11303010423589994,0.20803040643041223,3.053000801760244,C2,NA,NA
-0.07115776857707146,0.12624478924112084,1.70257318403426,C2,NA,NA
-0.11404778856584176,0.18395344208934622,3.3501504580652224,C2,NA,NA
-0.1168444938794147,0.15042461972002094,3.0398950419742867,C2,NA,NA
-0.1578634539947422,0.23802998269559922,1.3143838994993406,C2,NA,NA
-0.12840784955860157,0.15146240254205642,1.1066361384239283,C2,NA,NA
-0.1444856128047746,0.18834663298501925,2.880461645028969,C2,NA,NA
-0.09072008682374065,0.16226044308003784,3.09217103377137,C2,NA,NA
-0.10388777597453897,0.1626003704268726,3.5284487368609403,C2,NA,NA
-0.08521050167804514,0.29501757994821187,-0.3301220615427506,C2,NA,NA
-0.0242233736340497,0.18759967311645293,1.3259651374143466,C2,NA,NA
-0.10124517870867368,0.16732729799166732,2.061604276710913,C2,NA,NA
-0.13938443205221868,0.16795357131769023,3.1141806766227775,C2,NA,NA
-0.09826916909626686,0.15960042223985035,2.2449556965638227,C2,NA,NA
-0.06438284767895576,0.13753405047043743,2.51410212453397,C2,NA,NA
-0.06944058026442644,0.1841043634991901,3.361108395228092,C2,NA,NA
-0.1243611927671653,0.17125475231669535,2.347510515417338,C2,NA,NA
-0.12730237711326667,0.141502678898688,1.975854382455315,C2,NA,NA
-0.0486145704031762,0.27193038942963993,1.1143152284922078,C2,NA,NA
-0.15936668603795762,0.18179205872626936,2.2373613966927994,C2,NA,NA
-0.07918384849125688,0.229149670861183,2.182398161786425,C2,NA,NA
-0.08397634556202163,0.1657409358596196,2.29208835922043,C2,NA,NA
-0.15346016666175372,0.21715106053109168,2.474725926352813,C2,NA,NA
-0.10211312402707934,0.12258302488516835,1.709991852068467,C2,NA,NA
-0.09976948989605468,0.17643258846869558,0.9082173666345659,C2,NA,NA
0.005073180099568159,0.21660626113032963,1.301455332583406,C2,NA,NA
-0.10042423694268618,0.17898015984640164,3.1401093584418733,C2,NA,NA
-0.07952804977871328,0.15060241115898873,2.71654898033428,C2,NA,NA
-0.007706994705673317,0.2905213968249197,-0.330758262563305,C2,NA,NA
-0.11526560353698628,0.1407525320707756,0.7052229350256662,C2,NA,NA
-0.05667153320694635,0.18638805227454291,3.1552123420425913,C2,NA,NA
-0.20506884038977383,0.20181512368022086,0.8855788132293902,C2,NA,NA
-0.14884019044011607,0.14055351386144171,1.7193874299862495,C2,NA,NA
-0.023393059182169863,0.14888243928865552,1.7397511996941128,C2,NA,NA
-0.05263455291120845,0.1916112149366382,2.7127408860508684,C2,NA,NA
-0.10194693744726535,0.18230476938933812,1.9573968061420315,C2,NA,NA
-0.0510048434035814,0.15346843174936695,2.8114879863280784,C2,NA,NA
-0.011148635618867348,0.22789666458318358,1.100158417157099,C2,NA,NA
-0.139654198724334,0.23049320322394112,1.9821273861926185,C2,NA,NA
-0.16386151352341544,0.2181298461616808,2.01526215963576,C2,NA,NA
0.04906163224945029,0.23050531562945983,-0.6946531419382518,C2,NA,NA
-0.05962013590045713,0.17007078058042197,2.026709390463452,C2,NA,NA
-0.19234386473392973,0.37412739846120757,-1.9557589389763947,C2,NA,NA
-0.053828659207068266,0.17077368031254764,2.768224319761358,C2,NA,NA
-0.11499778054117535,0.1712331809126118,3.524148393014369,C2,NA,NA
-0.089301861260008,0.18305906649416978,3.3836680121552876,C2,NA,NA
-0.021515550213641536,0.16111779219732603,2.0422457553339726,C2,NA,NA
-0.08095443674766713,0.15193754425525752,3.2834319381527237,C2,NA,NA
-0.05369195609813819,0.22070005764652598,2.5816548448582903,C2,NA,NA
-0.10098936450831277,0.15863981840252453,3.00814969153559,C2,NA,NA
-0.07257460330388486,0.17923774068365894,3.359349066920121,C2,NA,NA
-0.10296663958408145,0.19242254576860932,2.262663663180276,C2,NA,NA
-0.09968000584185002,0.09718929961032192,-2.3627459012826075,C2,NA,NA
-0.18523831659783035,0.29968412085945273,-0.2726587022051341,C2,NA,NA
-0.06202733596625762,0.13250509960961937,2.204568999115623,C2,NA,NA
-0.20488667146320294,0.31531658911981475,-1.6318775954519125,C2,NA,NA
-0.11529974761002806,0.20882636928400752,2.4645251472954985,C2,NA,NA
-0.1076552296781986,0.17958344320682276,2.3494804397177314,C2,NA,NA
-0.13982059013145923,0.17079164223120646,2.891607092151369,C2,NA,NA
-0.14315722069246067,0.16765207790702502,3.0846320656905624,C2,NA,NA
-0.152239818640483,0.17385244209224185,2.8999376484307993,C2,NA,NA
-0.03456873488333285,0.2530567570896809,1.5597089006992149,C2,NA,NA
-0.08277211976745495,0.13098729298615946,2.5064054358000254,C2,NA,NA
-0.09537729152481977,0.18501978285496348,2.2874916800681717,C2,NA,NA
-0.07775584359150378,0.15580688421688366,3.3972141821362873,C2,NA,NA
-0.14237433161704455,0.261164917885527,1.2536421328788774,C2,NA,NA
-0.09851929314368689,0.16920723292932666,3.331850559044616,C2,NA,NA
-0.141285893219835,0.19458828767388264,2.8792653870768063,C2,NA,NA
-0.1314025140274913,0.1637795749465755,3.0284668558405174,C2,NA,NA
-0.06641225675942848,0.2513226740560045,1.4672673587453882,C2,NA,NA
-0.1092849849844927,0.17627383672891817,3.1548653382273084,C2,NA,NA
-0.0596674451782831,0.1424026493175596,2.6488897183975606,C2,NA,NA
-0.05315074836302272,0.15394756255455588,2.9327602049666295,C2,NA,NA
-0.14882562300627158,0.15293676895478664,2.5815976418127855,C2,NA,NA
-0.23029094567663003,0.26397783387086965,-0.059282786078613814,C2,NA,NA
-0.14462501747632073,0.19716105950879664,2.7539211706463984,C2,NA,NA
-4.003615944300487e-4,0.17401606659534788,1.081456646827955,C2,NA,NA
-0.11595539520054411,0.1737017872222753,3.515250189318458,C2,NA,NA
-0.11114209005759204,0.13230692592002366,1.6742639396553969,C2,NA,NA
-0.03716313752038604,0.13954379644849327,1.6343007583489468,C2,NA,NA
-0.09202719337760853,0.1530105951571658,2.6290373945483205,C2,NA,NA
-0.06729646765349973,0.10212667294318944,-1.731761823167469,C2,NA,NA
-0.09352666279179749,0.195243523500688,3.231105145243066,C2,NA,NA
-0.10247167497623567,0.16857343787300216,3.3626415135770067,C2,NA,NA
-0.08044926147470335,0.13749904007395186,2.770110566143827,C2,NA,NA
-0.10205003525195032,0.18934621031222676,2.57057555923409,C2,NA,NA
-0.11269622936448412,0.1660021959621927,3.371108770552941,C2,NA,NA
-0.10431216879811278,0.24621451342115386,2.1522810232771667,C2,NA,NA
-0.18651891690224665,0.19727788413404534,1.4586375103407705,C2,NA,NA
-0.15374215249854278,0.17718877055233392,2.619835725585647,C2,NA,NA
-0.1359440175358935,0.17267768103068545,2.9260707355235205,C2,NA,NA
-0.10379632214705477,0.16634300368242153,2.883458015051433,C2,NA,NA
-0.11595535449337857,0.16410454930461046,2.9874240105555003,C2,NA,NA
-0.11142175507963052,0.1802030060869294,3.4533976211006685,C2,NA,NA
-0.04653177996988592,0.19345754274321386,2.9353366741893416,C2,NA,NA
-0.14544272855969856,0.14548135246678073,2.132640348560611,C2,NA,NA
-0.08284878604260293,0.16551842337529438,2.7027315362262243,C2,NA,NA
-0.15487792943766923,0.17017228186342648,2.815224880512673,C2,NA,NA
-0.06520058966698833,0.12026208614233,1.1019627631634776,C2,NA,NA
-0.054482364174855996,0.17086241608892816,2.8735304645916813,C2,NA,NA
-0.1005147643830584,0.2040660816211231,3.2150030295662844,C2,NA,NA
-0.07228465775510305,0.16232446312335672,3.066586768296345,C2,NA,NA
-0.09713135538373402,0.17866583731453903,3.0567885425701427,C2,NA,NA
-0.07034549002898671,0.1679505553268663,3.439641474549168,C2,NA,NA
-0.15441213329136047,0.15775173068636422,2.5055642712696766,C2,NA,NA
-0.08906756659100332,0.25653862030182084,1.6678246673819,C2,NA,NA
-0.18333668406093045,0.1541524726844276,0.23733923731478423,C2,NA,NA
-0.12731910619195236,0.1332924230820329,1.7759442601185773,C2,NA,NA
-0.09252666357062218,0.17125944097046214,2.856355028475031,C2,NA,NA
-0.10231969925629589,0.17087556066719645,2.605502704371723,C2,NA,NA
-0.1141274652796922,0.16565927222719956,3.3885131128013857,C2,NA,NA
-0.27861717032321126,0.4530582341537965,-5.101289337613682,C2,NA,NA
-0.06170908392915932,0.25688660676290076,1.5893627676299498,C2,NA,NA
-0.06455755725826726,0.17409028967069384,3.363279862337084,C2,NA,NA
-0.09454215441196089,0.2257770089070914,2.205991612485127,C2,NA,NA
-0.14977140716028645,0.18594270496546028,2.848221308149151,C2,NA,NA
-0.16129425146056756,0.16483528689854007,2.4152654329900436,C2,NA,NA
-0.13478954379689762,0.15824333113221845,3.0761663561792894,C2,NA,NA
-0.1726250641716056,0.1557390144122973,1.4676451219896753,C2,NA,NA
-0.1480565146945916,0.17793786587422156,1.7023364902699614,C2,NA,NA
-0.17006420084701507,0.15623565085185284,1.9274004829996136,C2,NA,NA
-0.1374898845187156,0.23707139735711136,2.0772322954382214,C2,NA,NA
-0.07019974861581071,0.13026653860826537,1.8732025566280228,C2,NA,NA
-0.04806000687410752,0.15843039427827943,2.265183622326978,C2,NA,NA
-0.07951276954015732,0.1678169761923737,2.0022272279979516,C2,NA,NA
-0.11198118503968935,0.13283215986037694,2.592317435218696,C2,NA,NA
-0.2289542855584472,0.3311977555352825,-1.3790024706782913,C2,NA,NA
-0.08185844293470246,0.18344457849383694,3.477971100466436,C2,NA,NA
-0.16463695769150657,0.18306072477262392,0.9204584970340504,C2,NA,NA
-0.06222314129294553,0.14143899601423163,2.566533847032252,C2,NA,NA
-0.07566399496898348,0.1738494988933425,3.4899208856687887,C2,NA,NA
-0.07073085767790432,0.1418089100402007,2.8391618838927535,C2,NA,NA
-0.010891572425836615,0.13106629992410038,-0.8136294156542161,C2,NA,NA
-0.15254525893234666,0.13866145344165376,1.7510402126191287,C2,NA,NA
-0.12766307489939893,0.23157553946723408,2.4503087784199167,C2,NA,NA
-0.11024748342336174,0.1682591828481443,3.567108540751664,C2,NA,NA
-0.15012322226677505,0.1803945771745324,1.194254304405236,C2,NA,NA
-0.08531556205267325,0.17700464397158305,3.0404460668770232,C2,NA,NA
-0.045214148132110915,0.128870476652242,1.4252869274099438,C2,NA,NA
-0.17696988338623848,0.17812140503271626,1.8371165613055478,C2,NA,NA
-0.09053072960174274,0.2054943533971357,2.568196830944774,C2,NA,NA
-0.023310154207262554,0.17679126742577456,1.3180367992444904,C2,NA,NA
-0.04759282473029129,0.17960015200896523,2.9867237964152347,C2,NA,NA
-0.10849957399440709,0.1424051448555202,3.088833399127159,C2,NA,NA
-0.05474506955482037,0.16570835043154092,3.086931344550756,C2,NA,NA
-0.0539733617976567,0.14327310681043887,2.60044548856545,C2,NA,NA
-0.14651060265841367,0.18522797687121115,3.0035236654298636,C2,NA,NA
0.01653775845544697,0.16423716708833214,-0.6317512539220775,C2,NA,NA
-0.132090435486362,0.1912470809460936,1.9762165149295559,C2,NA,NA
-0.1325233374992164,0.1737847787251135,3.111419589081579,C2,NA,NA
-0.0769265742090311,0.2354470757235898,1.1836567694964488,C2,NA,NA
-0.10071110025763422,0.14851239897293939,2.7738823921719433,C2,NA,NA
-0.08099846964616209,0.18735321964787238,3.389382712831886,C2,NA,NA
-0.05819822399820373,0.17896668674150623,3.201249933749329,C2,NA,NA
-0.05855390021737134,0.18959741398396235,3.0640750182787526,C2,NA,NA
-0.0529865544462106,0.1705606199395612,2.9740437809278157,C2,NA,NA
-0.18866818397996502,0.20224222084495724,0.0018163968698567956,C2,NA,NA
-0.07939946433069216,0.1540112349743465,3.3302003614105473,C2,NA,NA
-0.1431261184956391,0.17230816982687203,2.9629795636154546,C2,NA,NA
-0.10784640266708055,0.2306514380360709,2.5998617154465586,C2,NA,NA
-0.034220288516717864,0.19765475941475807,0.6164938910800344,C2,NA,NA
-0.06031009774398112,0.17854094719649505,3.2904511792324493,C2,NA,NA
-0.14906673247462313,0.15082679822650344,2.5618424076440682,C2,NA,NA
-0.0601252916051206,0.20466806189749304,1.6876717626938866,C2,NA,NA
-0.13212029564800734,0.2254266911085458,2.137915106835073,C2,NA,NA
-0.09447232950752969,0.17947714509707685,3.3536611818101214,C2,NA,NA
-0.1100555435877527,0.15291383615214643,1.6153658309580656,C2,NA,NA
-0.028706222367211987,0.22107841293964198,1.3856248807377671,C2,NA,NA
-0.13311505535256543,0.1697745459525547,3.282001573269641,C2,NA,NA
-0.07678235302397043,0.2342019718934401,2.44420907492061,C2,NA,NA
-0.13620314053716379,0.21461346006967683,2.6144309791955544,C2,NA,NA
-0.22750032215792892,0.1517880564491524,-1.6562833541465647,C2,NA,NA
-0.06201248057156781,0.1739710538153399,3.295258602924438,C2,NA,NA
0.06431205594841596,0.27022005681985184,-1.3563797254037675,C2,NA,NA
-0.09319580868564721,0.1540390001484076,3.0284643577546104,C2,NA,NA
-0.004153252911529074,0.19623278177916093,1.7875323067132363,C2,NA,NA
-0.07832453062464015,0.18739274889304283,3.4256477968751167,C2,NA,NA
-0.1269995963220928,0.16820463545010012,3.3634653757665536,C2,NA,NA
-0.08710563424407353,0.19475889196927493,3.2259237230731532,C2,NA,NA
-0.21894531134660547,0.2540252466473154,0.22774396196392743,C2,NA,NA
-0.06242699892390154,0.19497533781329585,2.593592951839081,C2,NA,NA
-0.09904465835120477,0.16997188277496553,3.359602665478233,C2,NA,NA
-0.08268561334173724,0.16903848259508136,3.5372775084985983,C2,NA,NA
0.07706493824791005,0.3132320873546846,-1.962044677031923,C2,NA,NA
-0.05197190380039213,0.18793726993647317,1.8172448704699438,C2,NA,NA
-0.028036520274111833,0.16910280447482962,2.0387804807485637,C2,NA,NA
-0.1288477451602098,0.23420540382464136,1.1591774884003492,C2,NA,NA
-0.053931063431652715,0.21261267003212087,2.7405777663049578,C2,NA,NA
-0.10136086069042591,0.2139537089982365,2.273139134834031,C2,NA,NA
-0.11062942419031895,0.15982029417435445,2.765434708856774,C2,NA,NA
-0.08723670180613713,0.19981791090661793,3.287875676069323,C2,NA,NA
-0.024575467713606438,0.16096358760405768,2.0114115240807244,C2,NA,NA
-0.06713126148191131,0.14817769758860566,3.08724070372537,C2,NA,NA
-0.12705618192657697,0.21507914102595066,2.7146843266846576,C2,NA,NA
-0.09026330251898576,0.16311719501821936,3.369373714015045,C2,NA,NA
-0.0527310760028384,0.20330052982632543,2.4329476431603454,C2,NA,NA
-0.1229763878767172,0.15532612980435018,3.1730381402269234,C2,NA,NA
-0.04990181694259976,0.24131791936325742,1.4294527609383354,C2,NA,NA
-0.10433536616081246,0.20717698077614116,3.072207579459723,C2,NA,NA
-0.11114143194030095,0.2027100348138061,2.7056152588689186,C2,NA,NA
-0.09161819418498789,0.1829094239191985,2.9013598800372895,C2,NA,NA
-0.09371411389166992,0.19577366994333972,3.362826996241185,C2,NA,NA
-0.07888162165365575,0.23943755632056776,-0.18138635471865605,C2,NA,NA
-0.1484150803031466,0.1425424296738112,2.210915292079184,C2,NA,NA
-0.05437025943048007,0.2077118181873867,2.273422838908352,C2,NA,NA
-0.10535663021051739,0.14611739912721564,2.482417494792685,C2,NA,NA
-0.07123027115962859,0.1564833929281442,3.2495316291787395,C2,NA,NA
-0.06208910702126087,0.18620472894512033,2.8064005121953706,C2,NA,NA
-0.10865595327552087,0.24320906406264967,2.0853245593573972,C2,NA,NA
-0.047836259115593076,0.19933025164069393,2.705695469472147,C2,NA,NA
-0.12093444505696414,0.16189662031255173,3.2435224781325758,C2,NA,NA
-0.13420490753508377,0.16769940288491936,3.2623011693137656,C2,NA,NA
-0.12939391785206855,0.15558716455119279,1.1784773033615634,C2,NA,NA
-0.09238024434284718,0.1416666783693633,3.1315679758035557,C2,NA,NA
-0.19414692156126936,0.17427340480965006,1.4743624222020695,C2,NA,NA
-0.10789433559529701,0.18770627276539584,3.4169612678797976,C2,NA,NA
-0.11964848536560892,0.22018029885937118,2.1127716816175734,C2,NA,NA
-0.10125525990112959,0.19520603615686263,3.2481827249819983,C2,NA,NA
-0.14033930293423313,0.19125725814842606,3.0724980817611995,C2,NA,NA
-0.1502920993006433,0.3010563732278958,0.3659430328444784,C2,NA,NA
-0.10309547508925884,0.148895143092154,3.343089788934363,C2,NA,NA
-0.02210721594859788,0.16253297131410377,1.4855009030168245,C2,NA,NA
-0.06099727541949188,0.19305401874300698,2.8203485393762646,C2,NA,NA
-0.1055424172706931,0.20617023486019054,3.166341362312403,C2,NA,NA
-0.025431007154319805,0.2057568921476895,2.1183434847699525,C2,NA,NA
-0.08683894559803637,0.16027410968910122,3.17344459631968,C2,NA,NA
-0.0332243749841952,0.17761922578707,2.2512345697608533,C2,NA,NA
-0.09695637939677806,0.19777324031746477,3.3352846308859587,C2,NA,NA
-0.06313619154040206,0.21487444712425682,2.7518567926668616,C2,NA,NA
-0.1377116638256003,0.20475316402432,0.3593926880643714,C2,NA,NA
-0.06727807062611826,0.1646353787371942,2.797667971644737,C2,NA,NA
-0.06326778050986248,0.17848427579492887,3.03094510388648,C2,NA,NA
-0.1138099056759225,0.13982928035499836,2.7166635820977456,C2,NA,NA
-0.06432558483054525,0.2248230523409875,2.462688919007541,C2,NA,NA
-0.09393132936810837,0.14442830173048812,0.009324379158895502,C2,NA,NA
-0.14465328056329477,0.1806193016522056,0.07845995298603414,C2,NA,NA
-0.12674786152264939,0.16223929317932764,3.1977240251578074,C2,NA,NA
-0.08658620425626264,0.2629620508660011,1.4069442397603922,C2,NA,NA
-0.1555307064855287,0.1540403154852914,2.1242668646163763,C2,NA,NA
-0.1431104420373352,0.19256782323574273,2.9349241417778655,C2,NA,NA
-0.1433438710642465,0.15371345961629446,2.672793243148427,C2,NA,NA
-0.07435606113455911,0.188169700398549,3.0443478133409845,C2,NA,NA
-0.1548051737581192,0.2149823170985083,2.5037717631321885,C2,NA,NA
-0.049589540934187236,0.13300029365273014,0.051198128401996,C2,NA,NA
-0.09741925233083318,0.191219102779085,3.2403377238316318,C2,NA,NA
-0.13020601149706656,0.18959784203500302,3.2285014255622353,C2,NA,NA
-0.12848797889963495,0.16201861054601902,3.0466592055519017,C2,NA,NA
-0.2960482260446621,0.24351493719537592,-2.5006842254207537,C2,NA,NA
-0.08547475561873172,0.17042582033661974,1.2608051542883363,C2,NA,NA
-0.16409376621757038,0.19780354017984544,1.7757041670585871,C2,NA,NA
-0.24734463874584361,0.306354298991917,-2.0600166263967736,C2,NA,NA
-0.11039870515281977,0.21664379891090724,2.929585545326162,C2,NA,NA
-0.11899839946453072,0.1558521326410224,1.8145914591007246,C2,NA,NA
-0.03273118218452522,0.17811553253253923,2.243922099800174,C2,NA,NA
-0.09874872100714423,0.13059540145067822,1.9212635099820625,C2,NA,NA
-0.050226776226929656,0.13682050113537864,1.4623681805211177,C2,NA,NA
-0.05472561522915903,0.1657229987020081,3.1692637825025205,C2,NA,NA
-0.0884102042913281,0.14933658556228357,2.882807896917587,C2,NA,NA
-0.05967713952421151,0.16620422710656638,3.1448020527454688,C2,NA,NA
-0.07333429294839786,0.1935909442760322,2.579395713306986,C2,NA,NA
-0.12863896324948956,0.18440482734052424,3.309813348995937,C2,NA,NA
-0.02636491958108255,0.20074856510559036,2.249051581391282,C2,NA,NA
-0.09013156555179817,0.13208111250854773,2.634384360332448,C2,NA,NA
-0.10395443382550916,0.2117302733345388,2.9777168078610887,C2,NA,NA
-0.20598893438196733,0.2651083527001113,0.08350454880300684,C2,NA,NA
-0.1318305265768494,0.27065546985873096,-0.7717793258877909,C2,NA,NA
-0.22340395713813868,0.20508609930029661,0.2432468581575713,C2,NA,NA
-0.13507272042183077,0.13437203193215524,2.207118422198426,C2,NA,NA
-0.07081896658554727,0.29118393230359235,-0.23641507790302163,C2,NA,NA
-0.14954441816060116,0.18814547376000845,2.8555352660918554,C2,NA,NA
-0.03894034998879764,0.19387575029340934,-0.14604853837427134,C2,NA,NA
-0.07164042437839326,0.18933112860831713,3.1572760768380648,C2,NA,NA
-0.15554885270544921,0.22120052998893583,2.3672549923980344,C2,NA,NA
-0.09721361811756563,0.130250842675027,0.7789330681929938,C2,NA,NA
-0.0013708598066610907,0.1715347143409287,1.4738966841079466,C2,NA,NA
-0.06442920720255293,0.2249562887780766,2.5924131405298527,C2,NA,NA
0.05866848257893725,0.2536867041578731,-0.6474462006032606,C2,NA,NA
-0.26011017167956496,0.2226293947476943,-0.9183114146859772,C2,NA,NA
-0.05441358221135179,0.13995923637613633,2.473564024500707,C2,NA,NA
-0.0520444471009997,0.13513776222630797,2.0939043916433695,C2,NA,NA
-0.13601775380704065,0.1471987478114428,1.7761082235649095,C2,NA,NA
-0.10605678795576283,0.2640204236711683,1.5920035871420466,C2,NA,NA
-0.05490853302106184,0.14618829043337056,2.4966165604860215,C2,NA,NA
-0.05389349589123228,0.17497909075448986,3.170356073748775,C2,NA,NA
-0.1155846257349479,0.14427716233658802,2.95892491159538,C2,NA,NA
-0.10642052280394,0.20987313559207332,3.0712089589156246,C2,NA,NA
-0.1496996933439863,0.1281983913380946,1.0488455331184223,C2,NA,NA
-0.14114638333092558,0.13857728390097682,2.2192016873885265,C2,NA,NA
-0.11557656140658491,0.18088884096329746,3.489803801627154,C2,NA,NA
-0.1368073304122879,0.1554550012086824,2.8834883414133703,C2,NA,NA
-0.06227108854758587,0.159688069490154,2.879258459330334,C2,NA,NA
0.017988857451223902,0.23717171997586037,0.45569291615699314,C2,NA,NA
-0.09097912872510382,0.30123241239473164,0.18538721720993,C2,NA,NA
-0.01942993501063425,0.18104901335129905,1.1066842826892245,C2,NA,NA
-0.07065279943062779,0.16418915357597336,3.2099453494635464,C2,NA,NA
-0.1260690062315449,0.19785505045951837,2.8748054751463514,C2,NA,NA
-0.1287653597193131,0.15436428971381608,2.79747557357914,C2,NA,NA
0.022010054578942374,0.2629221440809753,0.25648828012421165,C2,NA,NA
-0.14596037044123,0.20548720450966282,2.2889369507259953,C2,NA,NA
-0.041814522754304195,0.1785461663167061,1.9287416564285311,C2,NA,NA
-0.15532571912970913,0.19393282107714943,2.699562213770517,C2,NA,NA
-0.12715278645403838,0.14886820856881247,3.0761340179307286,C2,NA,NA
-0.0898733172451788,0.1772335188643959,3.3836033461368498,C2,NA,NA
-0.16510350867550658,0.2728220768554802,1.017267426451077,C2,NA,NA
-0.05161739338137325,0.16077803673476343,1.4056000564002349,C2,NA,NA
-0.061091226360534254,0.18656991367945863,3.167196619051449,C2,NA,NA
-0.08114128058068609,0.1732347682188792,3.521645858570671,C2,NA,NA
-0.14629902680648268,0.14191579913972607,1.9036147697260826,C2,NA,NA
-0.08410453326612413,0.3011937559203739,0.4756638683185641,C2,NA,NA
-0.07173907084877867,0.27781977298284216,1.0849062241503944,C2,NA,NA
-0.027806186864274454,0.21955083098403438,1.5336165004361155,C2,NA,NA
-0.020018070871489914,0.2845488786808532,0.5047621063784149,C2,NA,NA
-0.055633159594500034,0.1329382761220856,1.9912657727450718,C2,NA,NA
0.0284212257907352,0.2522285362387493,0.2819649385092,C2,NA,NA
-0.09769166441945885,0.17454236514714794,2.4850843628150407,C2,NA,NA
-0.08646832027126634,0.18860612456745734,3.3476887436342677,C2,NA,NA
-0.09812426080965253,0.22329753089953167,2.6182602262695216,C2,NA,NA
-0.09671588663120204,0.1494127107542774,3.317395546643924,C2,NA,NA
-0.0759769348268646,0.1838753306319842,3.4317502682436594,C2,NA,NA
-0.1912260957905475,0.222123790196032,1.4529960832431685,C2,NA,NA
-0.01150197564524473,0.16682175870735086,1.8142277934363444,C2,NA,NA
-0.042334419114164926,0.18719140415880714,2.626110857653309,C2,NA,NA
-0.09394847387435554,0.11239381910915963,0.6748475854696565,C2,NA,NA
-0.09863614349160811,0.12473661379614492,2.045390545947675,C2,NA,NA
-0.13551434599429601,0.12096338972339019,-0.356753268004274,C2,NA,NA
-0.05612528752933546,0.20465653878184314,2.181086702010689,C2,NA,NA
-0.06924178830866574,0.19619414980483674,2.518471206555939,C2,NA,NA
-0.045513920873121595,0.2424514435818179,1.809715327779453,C2,NA,NA
-0.07255240478897858,0.15378826459532735,3.207365230365677,C2,NA,NA
-0.08613813376654765,0.17615527298346575,3.471845054376936,C2,NA,NA
-0.0896742404626685,0.20051348249468376,2.982147621664393,C2,NA,NA
-0.019247316321426094,0.2564975512587814,1.2360246690820458,C2,NA,NA
-0.12615091710642326,0.18807826709692427,2.5260158169366616,C2,NA,NA
-0.14868943380492955,0.1519779590995745,2.6359418445569087,C2,NA,NA
-0.06495701606090154,0.18930785724563085,3.1532415453620644,C2,NA,NA
-0.028122511227150062,0.12903640439121378,0.5290685434349722,C2,NA,NA
-0.16369481808289513,0.13277189265753286,0.8920595727518754,C2,NA,NA
-0.009381427462821793,0.2158926097999015,-0.48029201302413616,C2,NA,NA
-0.15438880457834075,0.17636825337531553,2.4662960763536814,C2,NA,NA
-0.12271784871608771,0.13340322091930193,1.8607346876569588,C2,NA,NA
-0.12684098319012707,0.2346756994961942,1.435888450560559,C2,NA,NA
-0.0499881130199562,0.1697498022688108,2.9521249670334724,C2,NA,NA
-0.05686772970576236,0.12759734906413137,0.10007078159658622,C2,NA,NA
-0.06390191805998698,0.14619865462314544,2.8622648358000147,C2,NA,NA
-0.15305559693826032,0.14152310113981648,1.4869909445471006,C2,NA,NA
-0.2284769342722909,0.17662183025682154,-0.6667586472863989,C2,NA,NA
-0.18715119263969546,0.271615041793263,0.05057349260636812,C2,NA,NA
-0.13236832685859604,0.19414381294640706,1.366176869713179,C2,NA,NA
-0.008830555208658719,0.20015353677133751,1.934907667759711,C2,NA,NA
-0.15488607621994568,0.2858913889614037,-0.04087015344177902,C2,NA,NA
-0.03710061054697096,0.17302514898739013,2.5810574931675916,C2,NA,NA
-0.026828830062391743,0.22572151209890548,2.0492914380699667,C2,NA,NA
-0.04954122248611524,0.13907515757301928,0.22262601238214863,C2,NA,NA
-0.12912933209390098,0.14514439955762115,2.909174305403412,C2,NA,NA
-0.06872179964313309,0.2376681979715226,2.1900567107497695,C2,NA,NA
-0.0693597311378187,0.14357418756479606,2.968304639637182,C2,NA,NA
0.03812546793910628,0.24219331184165832,-0.4775698703933411,C2,NA,NA
-0.1504847617037404,0.17341272434970367,2.0913527595503103,C2,NA,NA
-0.1451075673789981,0.30729573738980975,-0.7313421121454226,C2,NA,NA
-0.09096150585402785,0.1942104297734912,3.249474297946312,C2,NA,NA
-0.07338571766871202,0.14977975589861453,2.592860915427238,C2,NA,NA
-0.09893098835113784,0.16834179158594426,3.1612567399852054,C2,NA,NA
-0.06273385976783918,0.1995975630448629,2.995425443752186,C2,NA,NA
-0.1436755626098732,0.16755050349813974,3.0734621816112826,C2,NA,NA
-0.09519327501616709,0.1961289571590551,3.3681633930798154,C2,NA,NA
-0.11077836378047956,0.14642201542479344,3.21119404759738,C2,NA,NA
-0.026728482984648534,0.18846573896641267,1.269920175924562,C2,NA,NA
-0.11375013151559857,0.1405847804191049,2.458608692124886,C2,NA,NA
-0.11463076248623283,0.23256572839278042,2.10031244762968,C2,NA,NA
-0.1264747676931896,0.12037768431370034,1.1379464961121402,C2,NA,NA
-0.06594528892409737,0.1358029273810648,2.3744828642319042,C2,NA,NA
-0.09779922309340841,0.17954605848224223,3.5044655731870415,C2,NA,NA
-0.18012350281146883,0.24587811792884562,1.42352944443395,C2,NA,NA
-0.1122500091355731,0.1717111477151429,2.0329224217905075,C2,NA,NA
-0.11856925347801023,0.2297528145339085,2.545574140463426,C2,NA,NA
-0.08955293765359719,0.1485087407102709,2.886888572016476,C2,NA,NA
-0.12866136881492418,0.20259826682061655,3.089407693513669,C2,NA,NA
-0.10566976516919642,0.13653529624841076,2.743875001674235,C2,NA,NA
-0.06642535295464881,0.14113947215928135,2.1907897558113723,C2,NA,NA
-0.1572094025509671,0.23680285793185557,0.2995594233867742,C2,NA,NA
-0.1329690529288608,0.2158342978573648,2.775414854885126,C2,NA,NA
-0.15390351943981384,0.137354165265042,1.452043930164498,C2,NA,NA
-0.06936989198798144,0.1861180883784405,2.830311034595618,C2,NA,NA
-0.12224158776011408,0.1680920766535186,3.4236823808444363,C2,NA,NA
-0.06886332669854789,0.15357373477822728,2.9805199574910493,C2,NA,NA
-0.1331621477314159,0.1976554077288595,2.1928164711863567,C2,NA,NA
-0.09863614349160811,0.12473661379614492,2.045390545947675,C2,NA,NA
-0.06076563022988267,0.15342570633776764,3.0894102036641575,C2,NA,NA
-0.10454779002416319,0.20557158292665834,3.165722377786768,C2,NA,NA
-0.12827409336929513,0.14037482251109365,2.1290744383539293,C2,NA,NA
-0.06316234209405086,0.14800064924443915,2.500813982849679,C2,NA,NA
-0.02093982651694655,0.17189076775270629,1.5125811892581567,C2,NA,NA
-0.06180380864919901,0.29110750216214354,0.2982062827229004,C2,NA,NA
-0.11284884045428491,0.15297031088650767,2.9493392173436863,C2,NA,NA
-0.09923451645935102,0.14749334932059782,3.076409454935452,C2,NA,NA
-0.08206634824401156,0.17210709950917452,1.489850581936536,C2,NA,NA
-0.12130965070825488,0.18621681827892897,0.9334653745273953,C2,NA,NA
-0.14830259893804937,0.1923581440344854,2.0037684848910544,C2,NA,NA
-0.09292459255273726,0.27292795176073736,1.2512583799207246,C2,NA,NA
-0.14087518385554693,0.22245393306247901,2.554006494350881,C2,NA,NA
-0.12566829318869724,0.21852501034740307,1.9130956881060834,C2,NA,NA
-0.14999925878359613,0.17049892012961268,2.696914404397595,C2,NA,NA
-0.1252774193561773,0.14566336271438957,2.8791922305424773,C2,NA,NA
-0.1110510721384901,0.2519551093668323,1.96308559715769,C2,NA,NA
-0.1563204840096669,0.24746008457285112,1.2281890447693025,C2,NA,NA
-0.16610478221681468,0.19005794506788273,1.1985986295751583,C2,NA,NA
-0.08130042738496375,0.18608043546041736,3.106846967726592,C2,NA,NA
-0.170553941503601,0.30236538646443945,0.132545643790138,C2,NA,NA
-0.09606366341302659,0.15897564710529835,2.8346799898516464,C2,NA,NA
-0.11954825009143813,0.14112805009703808,2.7252779620762517,C2,NA,NA
-0.06223117255522326,0.17269982088900307,-1.1188230660189389,C2,NA,NA
-0.15295461017311973,0.23207493048907057,2.0887443946512736,C2,NA,NA
-0.12121211047484053,0.22670507942286244,1.1744622134948806,C2,NA,NA
-0.09019027284143766,0.1191156552385765,1.2458082219652882,C2,NA,NA
-0.14311443788717798,0.14097353630512105,2.023715777780467,C2,NA,NA
-0.26130670187832306,0.25182886159439605,-3.7896294580781995,C2,NA,NA
-0.15143129377827544,0.18620189929257805,2.7745573298086628,C2,NA,NA
-0.045003222885650195,0.1737763517267148,2.9278819712931154,C2,NA,NA
-0.09725388312977974,0.1546959833759335,3.447220520393733,C2,NA,NA
-0.15620696393492678,0.1938953239595331,2.7637752043674633,C2,NA,NA
-0.05442176435164147,0.1733877751326967,1.9630961194697845,C2,NA,NA
-0.05146113418966833,0.2828087516408142,0.09297950150336698,C2,NA,NA
-0.14399169994837976,0.17418271982787475,2.975696638916646,C2,NA,NA
-0.1105437813469675,0.17068001598102148,2.6895519443477536,C2,NA,NA
-0.18193005610463348,0.1932213086299486,0.09998361401991152,C2,NA,NA
-0.06769286621168982,0.31578702562467387,-0.5454740322780709,C2,NA,NA
-0.07125996106269605,0.16999652610645388,2.8129286520184635,C2,NA,NA
-0.1263578126336586,0.17057061965775802,2.936337229417501,C2,NA,NA
-0.1376897557285477,0.2905190806193098,-0.2729243248033161,C2,NA,NA
-0.09508108006815122,0.2233213641247146,2.5713481792352537,C2,NA,NA
-0.07394452020046745,0.1414575998972616,2.66073470793493,C2,NA,NA
-0.10281585763396969,0.1757541983980085,3.5803229970664825,C2,NA,NA
-0.1002153878667896,0.17824267157382895,3.506046245878917,C2,NA,NA
-0.15932815280584323,0.16788493205856042,1.7951643932683208,C2,NA,NA
-0.03444598486554219,0.1882200881078047,1.1333666878775173,C2,NA,NA
-0.16052645703324758,0.19671779018768648,2.5324316327874663,C2,NA,NA
-0.11167315818584081,0.20262077442679916,2.456934097499107,C2,NA,NA
-0.025700086503320323,0.20169876794596905,2.3406252490600754,C2,NA,NA
-0.12133203051330954,0.1571892258735615,1.9314470109477626,C2,NA,NA
-0.14486809447115373,0.2909255651566011,0.6891208425666409,C2,NA,NA
-0.011076306254701795,0.22208306061837715,1.673659158462534,C2,NA,NA
-0.12007781210736539,0.1667328782350173,3.3616773257325985,C2,NA,NA
0.011961316630045286,0.22035428778390392,1.1621867649230517,C2,NA,NA
-0.0348449476533488,0.1290889943737734,0.898862367213364,C2,NA,NA
-0.01183822954984596,0.19371065805895993,2.0055061588809453,C2,NA,NA
-0.05962215457654567,0.11721210382615094,0.6753512435415914,C2,NA,NA
-0.15139430986397853,0.18078437804409248,2.4921201835857723,C2,NA,NA
-0.05905480287052602,0.2317875233599847,0.9819570306173935,C2,NA,NA
-0.10741881844227662,0.19595676844584997,3.101699064178013,C2,NA,NA
-0.14934231797662637,0.18187839301143258,2.5496035886462023,C2,NA,NA
-0.18705253255469412,0.20900223426530218,0.6038898539130142,C2,NA,NA
-0.0622114361200637,0.15501171412053505,1.708064696525204,C2,NA,NA
-0.05454045764342574,0.23273928072539335,1.7454595047484522,C2,NA,NA
-0.006646864801351541,0.2053951024231791,0.38553346001207744,C2,NA,NA
-0.15662777568913694,0.1282564720929845,0.20042982323099956,C2,NA,NA
-0.0367007449683117,0.26621727478884344,0.8034459850571185,C2,NA,NA
-0.14905002171266457,0.1832672729822403,2.988996344207095,C2,NA,NA
-0.12484274727049414,0.1754505852591962,-1.5603694337396616,C2,NA,NA
0.016394370683608214,0.17951737641648213,0.4651089718924659,C2,NA,NA
-0.014008998243450609,0.2684247988599231,0.8853995962921282,C2,NA,NA
-0.1258101151849417,0.19527788526456621,3.2200011848627375,C2,NA,NA
-0.11802961510750876,0.3256017015353429,-0.20709502266375068,C2,NA,NA
-0.14230558475205593,0.1761681837812235,2.9921224955952006,C2,NA,NA
-0.08772223179574307,0.18912000486980246,3.3911037692336703,C2,NA,NA
-0.1937133493743288,0.16591226642808168,1.267550998444821,C2,NA,NA
-0.14496745706465572,0.286975906962373,0.0621652786968272,C2,NA,NA
-0.15845458229509327,0.21344206406391633,0.9354238161887083,C2,NA,NA
-0.03630911986989728,0.16879427776425035,1.6184904311211898,C2,NA,NA
-0.11559549929849755,0.14573725957731543,2.7003405968540815,C2,NA,NA
-0.11186883110298605,0.13749221265897998,2.754112397481374,C2,NA,NA
-0.11616748932114003,0.23829502299025684,2.295674399247838,C2,NA,NA
-0.13468875577012926,0.14539388880207932,2.7904039865622483,C2,NA,NA
-0.12058060278980519,0.17112367430341818,3.479970388530373,C2,NA,NA
-0.05396792302863759,0.20966248399410609,2.549037262772503,C2,NA,NA
-0.08358140619398392,0.17534645583478498,3.5125132866907416,C2,NA,NA
-0.10346875687304483,0.12303886432786232,1.8375133380396083,C2,NA,NA
-0.16729296143259337,0.1781555938459028,2.4471526347031505,C2,NA,NA
-0.10221513492420418,0.19441613986046213,3.2729336907324744,C2,NA,NA
-0.11343680997657403,0.20054103112175087,2.474071057234425,C2,NA,NA
-0.16441134202069016,0.2771136435750774,0.9098090188422869,C2,NA,NA
-0.046967916075232125,0.245259249110939,-0.4343640132665947,C2,NA,NA
-0.12515994541048503,0.23562809937153192,2.242783173684179,C2,NA,NA
-0.12251867814333946,0.19273902783073604,2.363870402812006,C2,NA,NA
-0.02206743412171604,0.14526081357579743,-2.1238465203185637,C2,NA,NA
-0.10809485279877488,0.09876675678423326,-2.475538609953315,C2,NA,NA
-0.16384916437427088,0.18877041681131188,2.173376258833859,C2,NA,NA
-0.05886818527275761,0.20772474275365382,2.5439540389212807,C2,NA,NA
-0.1452008612922661,0.1730043910441092,2.0628413500054648,C2,NA,NA
-0.13009181593926733,0.1956539689079517,1.917211982723121,C2,NA,NA
-0.03476579174376792,0.2164968493475935,2.36039386880835,C2,NA,NA
-0.019047868452677204,0.16800741095326518,2.0580013594443924,C2,NA,NA
-0.11898335478466468,0.20698912700555083,2.918020090000415,C2,NA,NA
-0.10172545361823215,0.1456018877934438,3.2043798234311343,C2,NA,NA
-0.06897105564105684,0.13822502754884594,2.192574357689181,C2,NA,NA
-0.1289246563455573,0.13828790718509312,2.580065200139206,C2,NA,NA
-0.05700816119774659,0.18671217759553288,2.4463186656046956,C2,NA,NA
-0.04629163457299175,0.22207994453398103,2.391405139848467,C2,NA,NA
-0.05040857738907417,0.18346012124849434,2.7881527946632456,C2,NA,NA
-0.09358011257325133,0.1692650065824322,2.677629939444399,C2,NA,NA
-0.07385234425306407,0.17609421514607237,3.367658796276123,C2,NA,NA
0.03743165150559359,0.19631921354944454,-0.640527545670033,C2,NA,NA
-0.05098893073183842,0.12035325759082494,-0.6333656350564376,C2,NA,NA
-0.060290784400194586,0.11617492854747564,0.5697702299538419,C2,NA,NA
-0.08677098998608129,0.23777032996326605,2.109356783333003,C2,NA,NA
-0.07690786083845844,0.16043463153958562,3.1362797594360003,C2,NA,NA
-0.09516458140262764,0.17538074139115778,3.2654293455525893,C2,NA,NA
0.06388882078686219,0.2974325562711569,-1.6287511517252238,C2,NA,NA
-0.07667422692761748,0.21913334422134018,2.5640848452924336,C2,NA,NA
-0.08942432035609313,0.26563326892697664,1.5027202088861515,C2,NA,NA
-0.037073917958894836,0.18945081691327825,2.779416235831284,C2,NA,NA
-0.08388726059950723,0.14081594125696767,2.853342556880789,C2,NA,NA
-0.06675457916450936,0.14333158685546474,2.1160145822023146,C2,NA,NA
-0.15034936088338122,0.15176572283104772,1.560433519911832,C2,NA,NA
-0.12415770595859703,0.1709988705105919,3.0651129752146273,C2,NA,NA
-0.06790210534246768,0.2265502952500404,2.077048841591099,C2,NA,NA
-0.09174613394338414,0.16555120219837743,3.286816059674531,C2,NA,NA
-0.06213880809121897,0.2080832935072301,2.7389686431315248,C2,NA,NA
-0.09330466941867901,0.14317379501844732,3.1467695329845506,C2,NA,NA
-0.13479405535369496,0.15342200888197413,3.017972729114544,C2,NA,NA
-0.026492199211376813,0.2135209536428127,1.7667478603702107,C2,NA,NA
-0.09976128888447498,0.16413922520653992,3.429862684750681,C2,NA,NA
-0.040104097548647924,0.18091677623283886,2.553124369652207,C2,NA,NA
0.004920173962421566,0.2587227864394332,0.6822047870813646,C2,NA,NA
-0.05826291414907648,0.17071115526531938,1.3235961674090722,C2,NA,NA
-0.08448694001066051,0.3088400150683008,0.24213010091499987,C2,NA,NA
-0.12795552304685323,0.1337938507465249,2.2580159705203915,C2,NA,NA
-0.14503391564918913,0.16078123637850897,2.730040486241534,C2,NA,NA
-0.10680965547553914,0.19503023751747406,2.6323345733274985,C2,NA,NA
-0.04805333578777811,0.20432216828678382,1.6611532919849785,C2,NA,NA
-0.07803120108982085,0.25560216125620266,1.8327799667862115,C2,NA,NA
-0.16388991643910986,0.2828625375976286,0.7669612480778576,C2,NA,NA
-0.11866810206737494,0.14438763184053435,3.0626775592312114,C2,NA,NA
-0.13825143642404084,0.1945133357538417,2.858484866981123,C2,NA,NA
-0.18995282753863524,0.19970766160347822,0.7563168449566811,C2,NA,NA
-0.21043214151494702,0.2377653954956047,0.2674294078171846,C2,NA,NA
-0.1456197909473087,0.180471471436041,2.5374751441719683,C2,NA,NA
-0.06815036658204125,0.28934383043581163,0.6412361516912641,C2,NA,NA
-0.06857037899261,0.17726795100969941,2.739016774935317,C2,NA,NA
-0.14130431947016506,0.1753439103567433,2.979844031674495,C2,NA,NA
-0.03361246146701209,0.12743961024268274,-0.15682810398381397,C2,NA,NA
-0.07982640797255101,0.20289689528586355,2.7985354239475946,C2,NA,NA
-0.157991184180102,0.15716775740317906,1.2166832516254997,C2,NA,NA
-0.06709307785423706,0.15485406148993067,3.1312810787087386,C2,NA,NA
-0.09431852730372317,0.13785495532020026,2.9289829722792584,C2,NA,NA
-0.11550338676035743,0.2168519770237426,2.6036016921075555,C2,NA,NA
-0.08904866933511683,0.15296043624780484,2.6987851169234567,C2,NA,NA
-0.07087900873074275,0.15397313261463755,3.296606090874201,C2,NA,NA
-0.11269839105888442,0.15586176499630575,2.029592037590019,C2,NA,NA
-0.12889867457030169,0.12605338518709938,1.1651026176934383,C2,NA,NA
-0.04853263296770967,0.16882590330036468,3.0313814094802805,C2,NA,NA
-0.06321116225934416,0.1941726807362311,3.090574251855277,C2,NA,NA
-0.08088568023900508,0.1643951974778699,3.2137341905988244,C2,NA,NA
-0.09229234690574896,0.15513084684107778,3.4966353837592585,C2,NA,NA
-0.09538392935928804,0.2031595874619828,3.2365387282818268,C2,NA,NA
-0.04481825601044736,0.1585456079969784,2.8285306526946634,C2,NA,NA
-0.14773178445482196,0.15960283399061226,2.709277228052227,C2,NA,NA
-0.18548523861745503,0.183408714037693,1.3497109729465357,C2,NA,NA
-0.07704528822538714,0.19506384670700583,2.510682231482439,C2,NA,NA
-0.03970363057965126,0.2108017373875587,1.409476805614284,C2,NA,NA
-0.03547904761753959,0.39233580180057315,-2.4189698562301483,C2,NA,NA
-0.06725028411897807,0.13872165587237595,0.997069019523436,C2,NA,NA
-0.09805931914871889,0.19012634938761622,3.4101848601965985,C2,NA,NA
-0.08710167350118682,0.15915745093012243,3.5005095433302342,C2,NA,NA
-0.05883747185116174,0.15287846779051062,2.985709677061128,C2,NA,NA
-0.1656612700401061,0.25141143295249807,-0.3812727018207658,C2,NA,NA
-0.04214631618318485,0.18274882940567783,2.6317205927378,C2,NA,NA
-0.06441800755095409,0.22001815453805584,2.598720360824257,C2,NA,NA
-0.07428661200722585,0.14218336789797112,1.7259701141008241,C2,NA,NA
-0.10674498782269305,0.18426122911433235,0.3526304260521309,C2,NA,NA
-0.09214744561142157,0.28556045629673843,0.7681762936993608,C2,NA,NA
-0.07557407175470751,0.1576028183775405,3.385801714447206,C2,NA,NA
-0.12480483149113365,0.19199302480335304,3.2665439960379588,C2,NA,NA
-0.006383749441966617,0.2676417257297781,0.31962629092151684,C2,NA,NA
-0.05339413361577268,0.12223417840790048,0.9698621074524039,C2,NA,NA
-0.1701005504968009,0.19348088378751077,2.304746154325943,C2,NA,NA
-0.05128716965779206,0.17739420257429392,2.9936160550768065,C2,NA,NA
-0.10960024109037535,0.17072973697547414,3.3804974389350875,C2,NA,NA
-0.1079056733779878,0.32352907110130835,-0.3087397695813855,C2,NA,NA
-0.08604492847093011,0.20513540315366038,2.910148421737442,C2,NA,NA
-0.09712773922444685,0.19479421606751895,3.0792089656661497,C2,NA,NA
-0.1110024185371761,0.21783556922210304,2.6070883038664165,C2,NA,NA
-0.0707623730685491,0.19358303541330435,3.1940423832684726,C2,NA,NA
-0.06119737112935841,0.14986086019747227,2.900104956174096,C2,NA,NA
-0.08074940592905769,0.15688639788629538,1.7704678469352935,C2,NA,NA
-0.11877812925060627,0.19133585382770596,3.325536836988215,C2,NA,NA
-0.06940120713180443,0.24530808344510574,1.1479671943167085,C2,NA,NA
-0.12096323586369755,0.1929026330476482,3.043103168138605,C2,NA,NA
-0.09764585419958116,0.1486718613896078,3.3600828884258505,C2,NA,NA
-0.0720433806197095,0.2102795829244462,2.992284143228686,C2,NA,NA
0.010924626947694117,0.20774261115387838,1.1268977040937367,C2,NA,NA
-0.08284459795476466,0.19985301971155778,2.9478388047563793,C2,NA,NA
-0.1208583073728959,0.17600627340165603,3.462599528279573,C2,NA,NA
-0.022569914194482593,0.22293962857891664,1.5634853489249387,C2,NA,NA
-0.16406056003190733,0.14956288005915103,0.8710480050679794,C2,NA,NA
-0.19868240445070073,0.19530007097456117,1.1996515237914651,C2,NA,NA
-0.03337263531843359,0.2156716231526626,2.3704521954095017,C2,NA,NA
-0.1350832066582791,0.18245010532869352,3.128012314423617,C2,NA,NA
-0.15218585726240988,0.13438528049324533,1.1995646965134634,C2,NA,NA
-0.14259418771323767,0.16322056193765452,3.0285130535560363,C2,NA,NA
-0.10207369665106557,0.18282878300418354,3.2789725443636994,C2,NA,NA
-0.09214239339363497,0.15957637941237543,2.8975157047384963,C2,NA,NA
-0.1351088027463315,0.3276244702527662,-0.597779197424958,C2,NA,NA
-0.03931669315152024,0.270556131737793,1.179261031454001,C2,NA,NA
-0.049531508691944,0.1669280039659736,2.277389703885989,C2,NA,NA
-0.06387506090817321,0.14447322691984213,2.9060597338287844,C2,NA,NA
-0.10757636011586674,0.1652308512984041,3.3449486942902977,C2,NA,NA
-0.03958023109908966,0.28580566273089286,0.763817275979557,C2,NA,NA
-0.13028549827572738,0.22904808520600592,1.9636160732523678,C2,NA,NA
-0.058789499385969037,0.21024739529583192,2.8275052284454953,C2,NA,NA
-0.04853232627822874,0.2320629509107798,2.066847299402918,C2,NA,NA
-0.11386380129931171,0.1483443011808913,2.9231899771330863,C2,NA,NA
0.024388061587650778,0.2619459563301678,0.21366001051308015,C2,NA,NA
-0.03207582176339519,0.22402511953999008,1.4877489445015795,C2,NA,NA
-0.10827241828995947,0.19054166956475788,3.354909761269461,C2,NA,NA
-0.025935853267219387,0.1954740657648182,1.1116112248294163,C2,NA,NA
-0.08962154369129224,0.19862079029714486,2.6609560839256803,C2,NA,NA
-0.1416744238957632,0.13679352299806627,2.0709266349343194,C2,NA,NA
-0.03972826975875099,0.16382594542625192,2.7505366189601874,C2,NA,NA
-0.10556544268288026,0.20420122896903725,3.198090500072767,C2,NA,NA
-0.12609103820710668,0.16368156030905176,2.9539162867167192,C2,NA,NA
-0.21061239229766934,0.16334017893755254,0.26976584739753573,C2,NA,NA
-0.15347688538426896,0.141045693401667,1.716846538034995,C2,NA,NA
-0.14688535138033337,0.2111318188920236,2.412968120928456,C2,NA,NA
-0.09615205433677743,0.19941911142130783,2.744294137232258,C2,NA,NA
-0.05634885815270749,0.1871262963254884,2.995695410850682,C2,NA,NA
-0.07255240478897858,0.15378826459532735,3.207365230365677,C2,NA,NA
-0.08762258125056857,0.18140591040003914,2.4349600458056937,C2,NA,NA
-0.06477124847653486,0.15313505453918422,1.1902308993099386,C2,NA,NA
-0.021474088327739248,0.19529161136422735,2.344348787286752,C2,NA,NA
-0.13519701191591796,0.21263575339167767,2.6345329926924164,C2,NA,NA
-0.13058561672603541,0.2271358037286329,1.4758541350980785,C2,NA,NA
-0.05813006246284578,0.1941800808995534,3.0441392150499493,C2,NA,NA
-0.05884642696466988,0.161166105574923,3.057812386462146,C2,NA,NA
-0.08299319165012961,0.17293583944717045,2.8682133099728606,C2,NA,NA
-0.0844365562801441,0.24273412686385032,2.2552881129139113,C2,NA,NA
-0.12660350680964488,0.2719422082945985,1.2560164640438938,C2,NA,NA
-0.163828546172208,0.18513708414403185,1.8625559504444045,C2,NA,NA
-0.14836635764703376,0.14424389401425397,2.338357518199799,C2,NA,NA
-0.13860560680699752,0.14079119640396134,2.46396313916065,C2,NA,NA
-0.11956920294484828,0.16738095652218682,3.368466801386508,C2,NA,NA
-0.07604444196808269,0.20604671448481857,2.5636067040379236,C2,NA,NA
-0.06753328298670654,0.16186246846438654,2.969761643861748,C2,NA,NA
-0.11679068281557425,0.18199119512949208,2.826684218626487,C2,NA,NA
-0.05443124002491695,0.21827821245394458,2.306664974677948,C2,NA,NA
-0.11294212800148652,0.1671748904828399,2.9291514553606923,C2,NA,NA
-0.08142165381966161,0.15315109962243087,3.171415751224063,C2,NA,NA
-0.22479716558430402,0.3318643010907086,-1.3654027010602934,C2,NA,NA
-0.10488981898452839,0.22376089679387742,2.642526052930483,C2,NA,NA
-0.09888437957514098,0.2560365752744875,1.9074912783648457,C2,NA,NA
-0.15475552714967228,0.1912871691967315,2.216908704018983,C2,NA,NA
-0.12210582843555089,0.1921179742571834,3.038725541582048,C2,NA,NA
-0.16155856642740857,0.20937603222586065,2.418103379683454,C2,NA,NA
-0.1505166803539266,0.11956994641013999,0.1533636089047632,C2,NA,NA
-0.017762482445309605,0.20072587101736838,1.0428854055592702,C2,NA,NA
-0.021049545841920918,0.19850560679117696,2.0461905913299727,C2,NA,NA
-0.10039480076579074,0.1608338975541604,3.3137082253274155,C2,NA,NA
0.014469241441216339,0.23443250540579536,0.2203090239987331,C2,NA,NA
-0.14261430567530659,0.23929187565339333,2.1268807845126942,C2,NA,NA
-0.153566536160682,0.25609953997541446,-0.7491904146884606,C2,NA,NA
-0.048992904617400634,0.16645201843593022,3.0235625675119433,C2,NA,NA
-0.11536109370187898,0.15345944808165632,3.3136789239472995,C2,NA,NA
-0.028819973219192715,0.2115214319212086,-0.6556757876277053,C2,NA,NA
-0.1045588300929402,0.18787376281849805,3.0927706701540387,C2,NA,NA
-0.13012861340217988,0.17385373549940453,3.1498344362442436,C2,NA,NA
-0.06493409808092569,0.10881760415917983,-0.8331346404593765,C2,NA,NA
-0.008109798779262142,0.20643123222463405,1.2054929689589247,C2,NA,NA
-0.07130200680735743,0.27417237264285643,1.2361871596076939,C2,NA,NA
-0.12919581357468687,0.16565642287178897,2.5664529579299593,C2,NA,NA
-0.04752212586812922,0.15417120526168382,2.8066197202340417,C2,NA,NA
-0.09732175518350944,0.21548830231207222,2.856687523791808,C2,NA,NA
-0.15937738706841414,0.2061679796955264,2.0028108642858697,C2,NA,NA
-0.08143437115805671,0.2011147244503039,2.847775049144994,C2,NA,NA
-0.09760407532994667,0.1613716541283064,1.4673450946125852,C2,NA,NA
-0.0832166608197695,0.13678981030105702,2.0489768332201503,C2,NA,NA
-0.08126014907630824,0.15137143965421687,2.653246589144258,C2,NA,NA
0.056336588053223426,0.2365367560866104,-0.48320235795858935,C2,NA,NA
-0.11064951486725136,0.17550035264491864,3.550842125947736,C2,NA,NA
-0.043260045972758496,0.19511080071286588,2.647444776353825,C2,NA,NA
-0.09477553066637379,0.13372945890066773,2.1125515979444325,C2,NA,NA
-0.08887369854292665,0.17269353870084247,3.594778644182721,C2,NA,NA
-0.06061354489725749,0.2788112503392009,-0.07980585066576995,C2,NA,NA
-0.05512026968405624,0.1595909359307519,3.0195294150445386,C2,NA,NA
-0.1234040158277123,0.2759769574104379,0.44008212732274665,C2,NA,NA
-0.13812567445531002,0.19030616064208145,2.254709901990685,C2,NA,NA
-0.10322185540594264,0.18095268235096318,1.384630050143112,C2,NA,NA
-0.08473027784299753,0.14098344597417456,2.7720289032367145,C2,NA,NA
-0.054347234529516876,0.1795436517689611,3.1622178394101743,C2,NA,NA
-0.15713693169196957,0.19093052149131876,2.340102702708865,C2,NA,NA
-0.06610079443029843,0.17420655118964554,2.983123919389823,C2,NA,NA
-0.09105864510681297,0.16801640955548064,2.9117920846912346,C2,NA,NA
-0.14467542653797827,0.23925084164611798,0.3141231765871908,C2,NA,NA
-0.17617565950649325,0.159527835636082,1.712756031800236,C2,NA,NA
-0.11167861122291703,0.20246542471433093,3.1792668894735616,C2,NA,NA
-0.13862309704499215,0.20559084841291475,2.1735956368770664,C2,NA,NA
-0.10931212289041595,0.1911694910538025,3.4017859938434682,C2,NA,NA
-0.043501813208104034,0.19420240976331127,2.6858938593499406,C2,NA,NA
-0.0921469441475806,0.15574613088132158,3.444980976116036,C2,NA,NA
-0.1295972223254999,0.15760152802840594,3.22000314323573,C2,NA,NA
-0.14808841357607685,0.18936778644201932,2.9663667290889615,C2,NA,NA
-0.046431789973188684,0.21264587318293954,2.491620494728178,C2,NA,NA
-0.06725028411897807,0.13872165587237595,0.997069019523436,C2,NA,NA
-0.169059455652876,0.2550380435917702,0.5628156230565005,C2,NA,NA
-0.08814641386622918,0.16663490427184813,3.0034588887243423,C2,NA,NA
-0.11982080945363721,0.18466190977160898,0.09114791487977447,C2,NA,NA
-0.052242920692124925,0.16452336651200386,2.986526172362419,C2,NA,NA
-0.03908179704599434,0.21200867208249347,1.1063814045711116,C2,NA,NA
-0.04164798479645165,0.31257611698121757,0.024550502419554476,C2,NA,NA
-0.05798054404157015,0.14520086963395706,2.3920205508529433,C2,NA,NA
-0.18383025595247485,0.22772161164512697,1.5001908041285912,C2,NA,NA
-0.021530110318265155,0.16517209048857945,2.077358052618367,C2,NA,NA
-0.059920198638917274,0.17678256250361682,2.708929750975474,C2,NA,NA
-0.022185571734092677,0.16012318466551878,2.0425114297252467,C2,NA,NA
-0.12083221863625261,0.1471377253597772,3.097816903171984,C2,NA,NA
-0.10960024109037535,0.17072973697547414,3.3804974389350875,C2,NA,NA
-0.15059966516835205,0.20520374101451982,2.0840601364567757,C2,NA,NA
-0.14242072944924233,0.19294681250649146,1.0344187840742842,C2,NA,NA
-0.07918876550993187,0.21184549016254706,2.938024589903142,C2,NA,NA
0.016653460689570253,0.18518100441014387,0.23934890408998655,C2,NA,NA
-0.15858060582455724,0.19469491585915139,2.67583907861712,C2,NA,NA
-0.10854461378258888,0.12289038753921863,0.3073449413659821,C2,NA,NA
-0.06682860723410533,0.1657750930542011,3.298810507403453,C2,NA,NA
-0.052242920692124925,0.16452336651200386,2.986526172362419,C2,NA,NA
-0.0700199126423823,0.14963940234457287,1.8542327274457469,C2,NA,NA
-0.06002620685311166,0.1466583266807581,2.7541969635008305,C2,NA,NA
-0.08064336661954093,0.18130337730861343,3.3329740010988163,C2,NA,NA
-0.008927399524914247,0.2060388425340563,1.8632204092161344,C2,NA,NA
-0.13567768450007395,0.30429671606399505,0.3477976693776885,C2,NA,NA
-0.1196687404445782,0.15087687776807432,2.8381947057689905,C2,NA,NA
-0.16268745274789004,0.14562444819491482,1.771127295187204,C2,NA,NA
-0.10178524322329685,0.19227527451783896,3.338516578523478,C2,NA,NA
-0.16252481102632552,0.17018636838437903,1.9519166088428133,C2,NA,NA
-0.0703706415266471,0.1559879829534116,2.9493068582125463,C2,NA,NA
0.009234197575055203,0.20273105470651998,1.2888190812212934,C2,NA,NA
-0.040317027205081936,0.16745708543951027,-0.8669388029713407,C2,NA,NA
-0.12049161854495052,0.19476466829733818,2.858390424247597,C2,NA,NA
0.0244642019397474,0.20002864391309583,0.6219414858706802,C2,NA,NA
-0.06827084403003078,0.17957732738283247,2.577259887604794,C2,NA,NA
-0.26369151297380405,0.17560368140615543,-2.6392235241376722,C2,NA,NA
-0.18582452312423992,0.2006357526556311,1.8897141434266032,C2,NA,NA
-0.1396305638108338,0.22789514568924135,2.3278060615617506,C2,NA,NA
-0.07756139687272925,0.17880362105967862,3.4103700695843964,C2,NA,NA
-0.13964107532912018,0.16915652914680498,2.6631047437033057,C2,NA,NA
-0.1404194248306023,0.16794882328049315,3.124389388432828,C2,NA,NA
-0.05869004610447658,0.18787950416519444,2.170172699164908,C2,NA,NA
-0.09848628186643114,0.15057518303529285,3.1114984170366977,C2,NA,NA
-0.05151836775955863,0.1271796286863986,0.7972897278751248,C2,NA,NA
-0.0612083827535245,0.1641977434505092,3.166498141423891,C2,NA,NA
-0.17199106978136852,0.20719413828805214,1.7376995764258347,C2,NA,NA
-0.11897447337357733,0.2607617194911354,1.6922465504894992,C2,NA,NA
-0.07417361951561771,0.11278450768308368,-1.3579257949333725,C2,NA,NA
-0.140282036389062,0.1613695777635271,3.032852685655511,C2,NA,NA
-0.08928212879511034,0.10006278255846456,-1.667247325136969,C2,NA,NA
-0.16564041973380123,0.16959669699604418,2.474563938670901,C2,NA,NA
-0.14531185611127118,0.1280721370922536,0.9801772038165568,C2,NA,NA
-0.09542958489451035,0.2804173863480026,0.9152324273892125,C2,NA,NA
-0.03550010042508119,0.28582972451249666,-0.3468369083389766,C2,NA,NA
-0.15100624824529507,0.22790436957600482,2.3037872081285964,C2,NA,NA
-0.18405700909789896,0.2510806494698691,0.8459255860041073,C2,NA,NA
-0.1384784264219329,0.1215047751216147,0.6061926489267968,C2,NA,NA
-0.11199972935922922,0.15365057486865819,2.478078065399359,C2,NA,NA
-0.13071627173189626,0.1803506962663366,2.0975271313720385,C2,NA,NA
-0.12957126464490334,0.19931474682590405,3.0913636305058234,C2,NA,NA
-0.10789981154933645,0.18835916274370645,3.374949892806478,C2,NA,NA
-0.1398896648694734,0.16672531269564478,3.140462461301759,C2,NA,NA
-0.11426566883849139,0.18495531683798971,2.601421059238196,C2,NA,NA
-0.18086600507843753,0.2222641487829771,1.2906243598176923,C2,NA,NA
-0.0891082228861508,0.2275655625827327,2.094902580852151,C2,NA,NA
-0.08424420671420453,0.18546707686204925,3.3112101944440298,C2,NA,NA
0.06132757805496926,0.19136305697866882,-1.749278338174682,C2,NA,NA
-0.12814674579611673,0.1852944393670024,3.2548702550506867,C2,NA,NA
-0.014863943917435608,0.14359972716679914,1.0232302876522335,C2,NA,NA
-0.10341596789404953,0.19577908397854565,3.1591635027509777,C2,NA,NA
-0.08237811938082516,0.16788449262553312,3.220841493964847,C2,NA,NA
-0.08994848722370294,0.13048757337864378,2.2265918911238094,C2,NA,NA
-0.17883871519567066,0.1921116370544931,2.175537660041123,C2,NA,NA
-0.09857063717233548,0.14720403843424337,3.2779495939049106,C2,NA,NA
-0.1674329572077664,0.18553696382757845,2.4987854829452285,C2,NA,NA
-0.11850024014083135,0.17259558727476576,2.810263489325699,C2,NA,NA
-0.0929152139748747,0.18876214770967847,2.9035188910204424,C2,NA,NA
-0.09197801932972718,0.15007365005556192,3.3505666861652745,C2,NA,NA
-0.1456338823833339,0.2153759517090963,2.589722678206007,C2,NA,NA
-0.10106364964498436,0.14623339072679317,3.181425820914761,C2,NA,NA
-0.17339333073283347,0.30542135618846283,-0.9187724318317204,C2,NA,NA
-0.10821254705091782,0.15921811027961458,2.8982081284442565,C2,NA,NA
-0.11535999025200516,0.1409024066493178,2.7749386994636946,C2,NA,NA
-0.1105597457069484,0.17602381226983133,3.520002299926545,C2,NA,NA
-0.11729282442615063,0.1444902992613348,2.2334026954322193,C2,NA,NA
-0.08129606197729419,0.17292069713888916,3.4728774495487604,C2,NA,NA
-0.10533767666180677,0.17655298399027272,3.407581633021076,C2,NA,NA
-0.1328603519383875,0.1222113530157827,0.7951999356617385,C2,NA,NA
-0.09802532089749043,0.16793006668973692,2.7410448683636597,C2,NA,NA
-0.08589146079831585,0.16064275462051197,2.210866052975706,C2,NA,NA
-0.21683544513298983,0.20393382151022843,0.8026637579630207,C2,NA,NA
-0.07122444463563696,0.15099354526043463,3.075590692354206,C2,NA,NA
-0.06870375187337828,0.1768422482391837,3.4090064750309956,C2,NA,NA
-0.12208519279419346,0.2078706035144755,2.265733459679763,C2,NA,NA
-0.059179851343969594,0.12628244285569007,1.6571333513602768,C2,NA,NA
0.0020115830244385527,0.23704617450791482,1.1238535939036032,C2,NA,NA
-0.13320716645945488,0.13582327692253132,0.5123171762697645,C2,NA,NA
-0.11815614971342092,0.16090875254312756,3.376078231561017,C2,NA,NA
-0.09939282727366278,0.1073544568098641,-0.668370187885353,C2,NA,NA
-0.07952160277375685,0.12358846772559076,1.7573235478461484,C2,NA,NA
-0.10066970835022501,0.13538921165652082,2.1342425852334905,C2,NA,NA
-0.09544980029093778,0.1328800990192403,2.6342424381991245,C2,NA,NA
-0.027263873986242353,0.23766485120487302,1.7967690406411907,C2,NA,NA
0.004479129333586764,0.23702362628821555,1.1609143423209307,C2,NA,NA
-0.09323652928752336,0.1458609022521067,1.9567332332448526,C2,NA,NA
-0.07696036836958477,0.30869129082974245,0.35138818799819216,C2,NA,NA
-0.12089357619890417,0.14805390648935546,2.1776150591020755,C2,NA,NA
-0.04815322182318162,0.16876067551538979,2.9235730961727846,C2,NA,NA
-0.17124561405007815,0.1711190586418891,0.5567591234407474,C2,NA,NA
-0.0951136055469797,0.16582880887809706,3.5942881284066566,C2,NA,NA
-0.11941264479260258,0.18085749020175912,3.4163135543543754,C2,NA,NA
-0.10717599997897775,0.163848810832823,3.134043938932159,C2,NA,NA
-0.10301852175450331,0.1718089587854657,2.923073378841285,C2,NA,NA
-0.06481158311796786,0.23455491727546457,1.4860113338272432,C2,NA,NA
-0.11052425308288309,0.22193382267885167,2.805894892717949,C2,NA,NA
-0.07542215354750473,0.22202898550582065,2.6676966584001987,C2,NA,NA
-0.09024644239526775,0.2491857256566251,1.8078972664545536,C2,NA,NA
-0.1037260379253423,0.1490359021302369,2.2538197399007434,C2,NA,NA
-0.12884530777873562,0.18745309221107354,2.819017549987542,C2,NA,NA
-0.061189275783687595,0.2009363080975071,2.064621345644179,C2,NA,NA
0.034632996397723805,0.194185369017575,-0.07655175252771418,C2,NA,NA
-0.10920589600824743,0.1984279415882387,2.2935021175953825,C2,NA,NA
-0.15154869268552845,0.20512903380830705,2.6770310542000666,C2,NA,NA
-0.1542738824675579,0.1591141758876127,2.441964404096252,C2,NA,NA
-0.16563468395308495,0.14989364075770953,0.38923636625237323,C2,NA,NA
-0.0887110039954132,0.17944461470490403,1.108188591118335,C2,NA,NA
-0.14829689305673371,0.19225781211435733,2.0441856056543877,C2,NA,NA
-0.13478761331632738,0.18112759028374725,3.2497436038972376,C2,NA,NA
-0.10540024866251721,0.1947803580433773,3.3579617157453847,C2,NA,NA
-0.07424109738436194,0.1927820815612027,1.6680358719102522,C2,NA,NA
-0.16946595734002473,0.2207633738661242,1.0837863817732303,C2,NA,NA
-0.038959881279722136,0.17626790377556562,0.877326916581004,C2,NA,NA
-0.11057165506402121,0.3068375830486495,0.3400442331264133,C2,NA,NA
-0.047399789084750024,0.22274086242497992,2.4199086039380817,C2,NA,NA
-0.15770124473715083,0.2462123243762336,1.5779053581539415,C2,NA,NA
-0.11223314288543126,0.19269913541787342,3.293493142402549,C2,NA,NA
0.010857486170612444,0.19614008254781462,0.9953964510758482,C2,NA,NA
-0.17067245471310566,0.15185402733438166,1.539064265369042,C2,NA,NA
-0.10675172206929714,0.13908310622231054,2.753722565079208,C2,NA,NA
-0.10721297347052819,0.15718361432258926,2.80730710805632,C2,NA,NA
-0.06778415776712707,0.17700600677632033,3.351014954899288,C2,NA,NA
-0.06525013452988054,0.14547037923843203,2.8024460715883146,C2,NA,NA
-0.09350184927511243,0.1484989658903636,2.7678686818486398,C2,NA,NA
-0.16168040284796661,0.1799080660902833,2.5189325001877423,C2,NA,NA
-0.13088964622608867,0.3968088998723902,-4.184935259642987,C2,NA,NA
-0.0281548361081271,0.1861704739944932,2.530756198552681,C2,NA,NA
-0.13131010298371898,0.1798330330277293,2.899950208649715,C2,NA,NA
-0.08216627255320273,0.3150422585548413,0.18452364525666987,C2,NA,NA
-0.07673620773489326,0.2352085679935909,2.1569070001157997,C2,NA,NA
-0.12762621736844587,0.14623838800973757,2.9361550325941232,C2,NA,NA
-0.11955201989101635,0.21422764585328077,2.938846544303735,C2,NA,NA
-0.06517998365475881,0.18307212517407148,3.244401800462855,C2,NA,NA
-0.09963595331163166,0.13095909755714455,1.3488577351901636,C2,NA,NA
-0.10299804318756242,0.1437482412787241,3.1033062885214644,C2,NA,NA
-0.09748077429556062,0.1906667120907195,2.249294503994153,C2,NA,NA
-0.050578758065419414,0.1801031053421148,-0.20882938412416907,C2,NA,NA
-0.09314653008017645,0.26318704940411985,1.699930022354113,C2,NA,NA
-0.13501763729649474,0.1466682457845448,2.699119860837879,C2,NA,NA
-0.08742952199979037,0.12926372817916668,2.4372290238383956,C2,NA,NA
-0.14068993160141166,0.22933209106890198,2.3602246601475847,C2,NA,NA
-0.10955101432012246,0.12783819415528866,1.4858142568687729,C2,NA,NA
-0.1443040130839757,0.178003259433545,3.037180854534946,C2,NA,NA
-0.033059799054788036,0.15690033917362858,2.1313592718077974,C2,NA,NA
-0.200607762633576,0.2514682184751005,0.04846624301643199,C2,NA,NA
-0.11306817336953703,0.190678667953718,3.395476330948375,C2,NA,NA
-0.05042531535956405,0.19988707309792947,2.523944801667891,C2,NA,NA
-0.0882990013278742,0.18015833777412776,3.4263793303130177,C2,NA,NA
-0.07135532274999813,0.1683841966318224,2.650521299301076,C2,NA,NA
-0.0909959571247581,0.17793982236226855,2.0758713454397624,C2,NA,NA
-0.08413441531046201,0.16489290923316796,3.555609317863502,C2,NA,NA
-0.11250911980870176,0.20016850956220286,3.2496351468080844,C2,NA,NA
-0.05048810483320405,0.17257566148004366,3.1063605729418367,C2,NA,NA
-0.09256727345342664,0.14120007293648693,1.7361832921838865,C2,NA,NA
-0.10698661957733208,0.1339278307827057,2.46715947871828,C2,NA,NA
-0.08981279029866224,0.16212139726403438,3.4976937144283706,C2,NA,NA
-0.14467825669074452,0.12850932106001925,0.9912430663300795,C2,NA,NA
-0.11570703112607104,0.15451566309028744,3.178460134725123,C2,NA,NA
-0.06658063288805165,0.15951013884419107,3.0346784874770965,C2,NA,NA
-0.10699906829371837,0.11582205065457829,0.26441537313402375,C2,NA,NA
-0.10964317975828035,0.22797860262803965,2.650862919201238,C2,NA,NA
-0.08335669860182149,0.17854897001714526,3.099592269919788,C2,NA,NA
-0.036098727682728086,0.13982100300409872,1.7336220999702503,C2,NA,NA
-0.13834565575335073,0.18613934757280795,3.1267767248417044,C2,NA,NA
-0.10511217515337747,0.21451670931678535,1.4714204706814589,C2,NA,NA
-0.12544871915744837,0.18958837112281077,1.6452864641160816,C2,NA,NA
-0.08265111229596853,0.19532111094414964,3.217951415115401,C2,NA,NA
-0.097782034786242,0.15351782375770828,2.839315984066374,C2,NA,NA
-0.0880114576240638,0.24378252207478202,2.165454047546769,C2,NA,NA
-0.0286077389824946,0.19226792363981415,2.355644329708515,C2,NA,NA
-0.10566186007849616,0.15808844359335508,0.8459997935568002,C2,NA,NA
-0.12462995032120339,0.194494808656206,0.8603982921475914,C2,NA,NA
-0.17539855541914948,0.2041402343720708,2.11519420986637,C2,NA,NA
-0.023970079468699723,0.20084608337892054,1.8467413280209364,C2,NA,NA
-0.09394847782261563,0.17155220427927106,3.5913072234658276,C2,NA,NA
-0.1135392296714354,0.16644957710364933,2.776065114141576,C2,NA,NA
-0.01874629883847346,0.209502670381376,2.041577955123163,C2,NA,NA
-0.08882728572947246,0.20667239388213277,2.651044399105885,C2,NA,NA
-0.16449828479276493,0.3885448505935245,-2.126713959745297,C2,NA,NA
-0.09393317416429775,0.16374375651076886,3.5934422902355374,C2,NA,NA
-0.057487388011336245,0.25969785495930803,1.6074828803704508,C2,NA,NA
0.003268068154193858,0.2571354603827758,-1.223780497910049,C2,NA,NA
-0.1107703424110966,0.1483882367296561,3.0216719578309794,C2,NA,NA
-0.09505730920005336,0.17399835348541215,1.434087485356582,C2,NA,NA
-0.09628303670081972,0.11356427637020822,-0.887682625177489,C2,NA,NA
-0.09363568914532075,0.14382380500681352,2.611206051407411,C2,NA,NA
-0.05699838253414966,0.167094309560485,3.21406954044141,C2,NA,NA
-0.1256982450245396,0.12853599313821293,2.0326350012227064,C2,NA,NA
-0.09803825613599298,0.14979985959943481,3.0188284707951922,C2,NA,NA
-0.07500457793642284,0.149679266977984,3.178677623210781,C2,NA,NA
-0.14260346885664998,0.15492670811665973,1.208850716730114,C2,NA,NA
-0.1946875292649506,0.18360964701197846,0.20410358114168803,C2,NA,NA
-0.05313004106777347,0.24606814734354238,1.253252669712333,C2,NA,NA
-0.10076816803354366,0.2533464606940763,1.9964459780403674,C2,NA,NA
-0.07190646727006003,0.1456045900767538,3.067076384854891,C2,NA,NA
-0.08776209828885274,0.16262855420647773,3.5341486368502695,C2,NA,NA
-0.11281482593633531,0.22073957540775674,2.4080974737492284,C2,NA,NA
-0.14449886181014548,0.1479788915124739,2.0492689361158627,C2,NA,NA
-0.04193811533876684,0.20591942805368918,2.3271425277546482,C2,NA,NA
-0.20838381586844526,0.18319251461240274,1.0070357647083323,C2,NA,NA
-0.11349369233818964,0.15901962617769383,2.9514418576675423,C2,NA,NA
-0.10210259803914477,0.18429518833672223,3.2552363369808006,C2,NA,NA
-0.03847820137286804,0.1599665653519708,2.6304863061686996,C2,NA,NA
-0.1089758295181105,0.133082987184423,2.6427155104279594,C2,NA,NA
-0.0198338382479,0.23899423408115816,1.1519808669687168,C2,NA,NA
-0.013788262635433642,0.18007227267547635,1.6316172153464312,C2,NA,NA
-0.07232005402857765,0.15552093209774986,3.339548196448405,C2,NA,NA
-0.09428360909858184,0.17028474423737225,3.604421623669917,C2,NA,NA
-0.1091793528365025,0.19542906418821032,1.5114618115940504,C2,NA,NA
-0.07407074742214974,0.25762075170746085,1.8172788693807087,C2,NA,NA
-0.1616464688665839,0.1266842473471533,0.14312679251525173,C2,NA,NA
-0.036581536750615914,0.15098432763736924,2.2213448959928987,C2,NA,NA
-0.17038271412910375,0.2590114951935025,0.2140357062082443,C2,NA,NA
-0.12853387727068066,0.1592205899755122,3.1524888902408836,C2,NA,NA
-0.025171215191737106,0.19704426984859721,2.1561306419466275,C2,NA,NA
-0.19677145805439572,0.16412037085774603,-1.0346525015122991,C2,NA,NA
-0.07988452730246046,0.14033603519067653,2.775159515105095,C2,NA,NA
-0.14722755894736556,0.1421133231665109,2.150063473677032,C2,NA,NA
-0.048238108597590514,0.1604765078372544,2.762299720113198,C2,NA,NA
-0.10012480757534523,0.22601660049587646,2.37934382257156,C2,NA,NA
-0.0937119265947348,0.2687579587294848,0.6563001181352326,C2,NA,NA
-0.09224550943073975,0.1467502565710088,3.305541567937431,C2,NA,NA
-0.12184208635249195,0.16467384000784752,3.150944190465033,C2,NA,NA
-0.11581035249734176,0.19809707191192444,2.8766404482109524,C2,NA,NA
-0.05702394486501676,0.17417425413937115,3.132028312017235,C2,NA,NA
-0.05542530105270315,0.20410154111977924,2.7544489492387787,C2,NA,NA
-0.04174091353978124,0.1173614968545133,-0.6595215415744906,C2,NA,NA
-0.09097903264275797,0.26435756901869895,1.3386156488051957,C2,NA,NA
-0.06929927239591187,0.15900333784247067,2.726789566710492,C2,NA,NA
-0.09156941241876826,0.2062723613915318,2.170353272742026,C2,NA,NA
-0.08356157587412982,0.15697411149435045,2.8767512939630695,C2,NA,NA
-0.09180993701607279,0.1911298017154693,3.17707357672181,C2,NA,NA
0.01444026290778936,0.17763780892860503,0.2103910485730529,C2,NA,NA
-0.11763480601096751,0.2130011910367401,2.857565273656452,C2,NA,NA
-0.0785848681329758,0.1538091184624156,3.086707801639311,C2,NA,NA
-0.07495620131603915,0.18052141406199057,2.298105725299698,C2,NA,NA
-0.08524526222083662,0.24779106291696468,-0.055050863729043,C2,NA,NA
-0.11246069343816037,0.1864863987846468,2.483897310621993,C2,NA,NA
-0.09323915759870215,0.20110727808188747,2.935038593192819,C2,NA,NA
-0.0906435730254214,0.16937265221146486,3.4696610263107033,C2,NA,NA
-0.12311906243760817,0.1692904063779904,3.4469975946816254,C2,NA,NA
-0.13723950175010494,0.18520477713189165,1.3887835032242655,C2,NA,NA
-0.06107721421618614,0.20348629165488322,2.057037594080846,C2,NA,NA
-0.049722259997718836,0.13060656672432303,1.7289192085398022,C2,NA,NA
-0.13073304516089365,0.17480118390843918,2.75469107369703,C2,NA,NA
-0.09712607885642999,0.17661044089335023,3.532363843568824,C2,NA,NA
-0.1162351898195002,0.14311447218542836,3.0138827572218165,C2,NA,NA
-0.1850894013504133,0.22350883640405603,1.624173495531068,C2,NA,NA
-0.10846404641667855,0.19607850138210953,3.3446077847224926,C2,NA,NA
-0.10649933965691849,0.1508663563686865,3.2092420036306866,C2,NA,NA
-0.03085930110731363,0.12347500382258236,0.1606976437543004,C2,NA,NA
-0.09899976483866743,0.20132297201091576,3.2771934226451154,C2,NA,NA
-0.02372372193677924,0.1895804406769047,2.412241078061671,C2,NA,NA
-0.049664602426214066,0.3012093033330964,0.23065710610800183,C2,NA,NA
-0.1502714147023347,0.17348078612475903,2.46965669804392,C2,NA,NA
-0.07564354104608137,0.2803157381160568,1.1703749754506827,C2,NA,NA
-0.148601737362723,0.16868877207218785,2.9510048404108042,C2,NA,NA
-0.06195694123951363,0.1393040084862101,1.10206918656763,C2,NA,NA
-0.12271098092455482,0.1833933627276959,3.3855970759422647,C2,NA,NA
-0.07495758935162261,0.17010378859107333,-2.7980397075735435,C2,NA,NA
-0.05082902514574122,0.16200779107440255,3.0407691672394632,C2,NA,NA
-0.07859909204746209,0.19048548469836635,3.3874151166236275,C2,NA,NA
-0.13183684250239444,0.2113058268023299,1.9871138364757122,C2,NA,NA
-0.1321387200225013,0.20862918135198433,2.93727563307519,C2,NA,NA
-0.0031763862766071424,0.26670549946029565,-2.022353229536256,C2,NA,NA
-0.034279977172193415,0.18194900185375032,2.5833257512888776,C2,NA,NA
-0.07165258100930058,0.18367287960354872,3.403054880152295,C2,NA,NA
-0.05090891114078769,0.1336903182874289,1.9973678928279153,C2,NA,NA
-0.013507950383832748,0.19337674776334557,2.0542846698527066,C2,NA,NA
-0.12512704443281913,0.1832930820788356,3.1705103726987067,C2,NA,NA
-0.10097174614477239,0.1697411377170617,3.322609545940068,C2,NA,NA
-0.1271533364597726,0.27591474582372255,0.8877760358510325,C2,NA,NA
-0.1261129122663098,0.1642804934972591,3.3460050665685914,C2,NA,NA
-0.1712617306757897,0.14503045957007127,1.3532778022450174,C2,NA,NA
-0.05998077358565912,0.16699288463325826,2.809767957016378,C2,NA,NA
-0.23530092381552398,0.19146075799788814,-0.683900829300084,C2,NA,NA
0.025947938954747653,0.27270602694807494,-1.107880302223007,C2,NA,NA
-0.047628084445737656,0.1667131141357542,2.8164426295166063,C2,NA,NA
-0.04165665195904224,0.16856774860685989,1.8926483909209484,C2,NA,NA
-0.05812082705683323,0.1292857656426804,1.6222507358513796,C2,NA,NA
-0.07973335983477653,0.2107453840458321,2.664971771142214,C2,NA,NA
-0.08749904077772386,0.2048154279499295,3.082611151032904,C2,NA,NA
-0.13935673751606917,0.1327238865395858,1.8570946228137566,C2,NA,NA
-0.06553712694474624,0.1646834194520561,3.1396258162121313,C2,NA,NA
-0.07783622649029298,0.13703121007978855,2.1835182978045973,C2,NA,NA
-0.05651970023424949,0.30930441943556586,0.17264243214724107,C2,NA,NA
-0.10548108543191509,0.14295942401955944,1.454143138330588,C2,NA,NA
-0.10094420358358136,0.19525498352510368,3.0286770418736766,C2,NA,NA
-0.05003252572489071,0.39114321907697097,-2.2138615925247698,C2,NA,NA
-0.07202371897258616,0.19062842437143984,3.330782193090071,C2,NA,NA
-0.014420017303042001,0.17304684554358435,1.6285397482914927,C2,NA,NA
-0.09373563823721896,0.38189576755796073,-2.4404068162798485,C2,NA,NA
-0.07961773299272602,0.1518767156265239,3.0296319832437817,C2,NA,NA
-0.15080545328788197,0.15879209202783184,2.252296514536746,C2,NA,NA
-0.08759837215158871,0.22921639720199266,1.8531455731117505,C2,NA,NA
-0.1198287765180753,0.17090534791753068,2.326575182906014,C2,NA,NA
-0.10624418675798088,0.2731523958949405,0.9110425787624314,C2,NA,NA
-0.12043788419046308,0.15986678646833413,2.9165259626485813,C2,NA,NA
-0.07555416281810846,0.19639814498064553,1.479899676573027,C2,NA,NA
-0.0797790207387957,0.3105771302753458,0.2728224349504704,C2,NA,NA
-0.09362190836376985,0.17925549181417588,2.877782980911932,C2,NA,NA
-0.03919688074397219,0.19061382040837474,2.522124701738009,C2,NA,NA
-0.10055266082460021,0.17995375966109256,2.915449950813647,C2,NA,NA
-0.06910266316710226,0.17003557018871307,-0.9944694698771097,C2,NA,NA
-0.1293277577554024,0.1937021852162334,-0.658009709040283,C2,NA,NA
-0.054866957147334555,0.16486190909907988,2.8786945617083814,C2,NA,NA
-0.11481341586229504,0.18111571490583056,3.4762033773351595,C2,NA,NA
-0.04628417724245738,0.2814475521302352,0.953100877427759,C2,NA,NA
-0.13549849224274169,0.2374702805927056,1.6581345064377584,C2,NA,NA
-0.03855112172796369,0.19374422781343884,2.7746449938216684,C2,NA,NA
-0.05938142094867038,0.1956894320591374,3.1049385554557527,C2,NA,NA
-0.10894352181513303,0.18193851286871152,2.4776344375009316,C2,NA,NA
-0.09139554950762568,0.11258148875098219,0.6943484058501612,C2,NA,NA
-0.05666387381583661,0.14912411655339722,1.7618306904494854,C2,NA,NA
-0.08240475498543302,0.277215231216746,1.250199753502145,C2,NA,NA
-0.12317637230318759,0.2093432434646616,2.5709810774797397,C2,NA,NA
-0.06307506582293534,0.1647269386449113,2.687844037700259,C2,NA,NA
-0.06713201113316582,0.21215507613891324,2.8522797952281853,C2,NA,NA
-0.1866096647916996,0.17579385212377188,-0.6560135254627508,C2,NA,NA
-0.08726022869538408,0.1778735649650427,3.5550894523852046,C2,NA,NA
-0.05327020613768348,0.1302495787120712,1.6822729813458777,C2,NA,NA
-0.13920295015230189,0.1744777033336089,3.151448364103773,C2,NA,NA
-0.08272632394572912,0.2730343598599667,0.7062275785041514,C2,NA,NA
-0.05942093462819207,0.17845824373866565,2.0922454175147216,C2,NA,NA
-0.05000143076517237,0.15528301175380604,2.8030476439853764,C2,NA,NA
-0.02561530963770499,0.29051922088395515,-0.0358839314947863,C2,NA,NA
-0.12236372111778712,0.14780252656827403,1.9798597649475473,C2,NA,NA
-0.15404248646461,0.14375644426868223,0.8451981947917444,C2,NA,NA
-0.06811175021221995,0.1811405750462638,1.6880719299219447,C2,NA,NA
-0.1455928651834958,0.19764396274522245,1.7680131694694476,C2,NA,NA
-0.16750061940013777,0.15204723425072125,1.5106705759020378,C2,NA,NA
-0.1031097063997364,0.3089590016977576,-0.6220152011894157,C2,NA,NA
-0.08529161975760327,0.17865172897251494,3.466103579214673,C2,NA,NA
-0.1349719595462795,0.192443288093283,3.161974938499711,C2,NA,NA
-0.08663776449813691,0.20424582646299524,2.030610481142391,C2,NA,NA
-0.07827826664653464,0.26461594467850397,1.618521085821497,C2,NA,NA
-0.13409208838917022,0.16292341193367993,2.539317529172804,C2,NA,NA
-0.09289436112269832,0.1527979977827054,3.4514757725581884,C2,NA,NA
5.702519804235001e-4,0.1381352950242541,-2.3015883649402054,C2,NA,NA
-0.05853356004997709,0.1649026325204532,3.230573814659042,C2,NA,NA
-0.1033897459833272,0.24651443369621484,1.9766997632275531,C2,NA,NA
-0.08097468861647039,0.1594212233300445,3.4197779901123004,C2,NA,NA
-0.034573554536278694,0.22803191640436457,1.5179844688621387,C2,NA,NA
-0.08536977610910322,0.24326285349898297,1.7470489873115342,C2,NA,NA
-0.17217968434389921,0.25881157867719756,1.2659618175833596,C2,NA,NA
-0.11147635614250609,0.19317233452835977,3.178149388450235,C2,NA,NA
-0.12489221415567013,0.1964833399910435,2.9892651786414275,C2,NA,NA
-0.12659085231981984,0.18844539701268587,0.9812938271392038,C2,NA,NA
-0.12755729399066212,0.24830539942432198,0.5895091136807129,C2,NA,NA
-0.040633509926686975,0.16395194984714045,2.788617276800828,C2,NA,NA
-0.190096389218913,0.18084933130373443,1.4636649555292305,C2,NA,NA
-0.16528270244094903,0.2642530667296709,0.7538178666236108,C2,NA,NA
-0.09378969573752023,0.13535261792289194,2.836068558595649,C2,NA,NA
-0.14501503627711157,0.15561024659949863,2.7871569305402835,C2,NA,NA
-0.07492993120635665,0.16417069477342047,0.9025544745011849,C2,NA,NA
-0.10214999774507719,0.1765521495275073,1.3614193323562542,C2,NA,NA
-0.10605719196742433,0.13742391664020392,2.731583631324993,C2,NA,NA
-0.12310479869310605,0.14400152333201371,1.9241113840352786,C2,NA,NA
-0.06939843128149922,0.18795669539551924,3.014470642558692,C2,NA,NA
-0.14355199203541558,0.22851118710851395,2.143923513513183,C2,NA,NA
-0.1332697426638379,0.233060078550999,1.632509319552633,C2,NA,NA
-0.13668953008727064,0.13250854857283473,1.0116556606232825,C2,NA,NA
-0.09532975925149659,0.135294934977076,1.7735748279453523,C2,NA,NA
-0.05356338255298515,0.21094836589743177,2.780486611107501,C2,NA,NA
-0.10464207334894274,0.2166422723918664,2.562945376440493,C2,NA,NA
-0.10599363126672533,0.1819446425794632,3.506291873030622,C2,NA,NA
-0.12683364552946408,0.15445678489522058,2.835540318696027,C2,NA,NA
-0.04352730420245996,0.2982868796721279,-0.07192566405003076,C2,NA,NA
-0.14481669685805085,0.15301689809764357,2.2266087050452663,C2,NA,NA
-0.019635930302728373,0.15056806293886413,-0.5640137758691759,C2,NA,NA
-0.24877407175959954,0.18136853580217566,-1.6989849385896223,C2,NA,NA
-0.047304264520423134,0.20900035888537405,1.1491460087141374,C2,NA,NA
-0.02370612965371159,0.15257780000433482,-0.20624913444041626,C2,NA,NA
-0.054271130386784223,0.11943182725712176,-2.6946248892125455,C2,NA,NA
-0.12377855544159025,0.1746013315106108,3.4107119831876718,C2,NA,NA
-0.10518514081804171,0.22007219221038965,1.9513336378531658,C2,NA,NA
-0.16732951294598558,0.23203111165588683,1.8827680022602853,C2,NA,NA
-0.0481172089672623,0.18199429725686184,2.915710012039691,C2,NA,NA
-0.1055099074238359,0.18434910379714634,3.491638423344174,C2,NA,NA
-0.07197155233066499,0.20621912126481626,3.0649022593243265,C2,NA,NA
-0.20182122682152426,0.2657511313691325,0.57574344481234,C2,NA,NA
-0.1343277339990899,0.2664773425808423,1.4770420279432561,C2,NA,NA
-0.09820363041375532,0.14962487638117253,3.3637932283435905,C2,NA,NA
-0.06064023662443693,0.14880776773517557,2.9788510044928627,C2,NA,NA
-0.10401104963333185,0.15564060281143102,1.4687650929362515,C2,NA,NA
-0.1742979983747783,0.21575316176842413,1.1530751756363928,C2,NA,NA
-0.05130823409404921,0.20907126396647394,2.54301074958169,C2,NA,NA
-0.09940224469649601,0.23431225248644177,2.505402469506278,C2,NA,NA
-0.14186287476784748,0.26219413825128857,1.5359779346700182,C2,NA,NA
-0.13440250059156225,0.2030275775236645,3.0022733092680602,C2,NA,NA
-0.11349556021652545,0.15105552700352542,2.9777393053498225,C2,NA,NA
-0.15957676455617148,0.17143053004351563,2.4014855414181486,C2,NA,NA
-0.10186453493237162,0.3195242354325233,0.03343032712169336,C2,NA,NA
-0.2752181755684394,0.2391199975365177,-1.8604446148941554,C2,NA,NA
-0.07951801835151112,0.3143465317962256,0.1459226404855376,C2,NA,NA
-0.10308034858707898,0.20038908948911985,2.274708395434506,C2,NA,NA
-0.05461736946008852,0.2030442995854637,1.1859327479696846,C2,NA,NA
-0.045700766391343815,0.15671289842431835,2.271844740008727,C2,NA,NA
-0.13227128831522583,0.19119839123130322,2.71452248118498,C2,NA,NA
-0.206682132969429,0.21258176320931227,1.164030051685088,C2,NA,NA
-0.08163622256126729,0.1836864403195062,3.4844047372879032,C2,NA,NA
-0.166306573097516,0.275766390422275,-0.7056304070215039,C2,NA,NA
-0.12251560073742168,0.23024825239465654,2.503020243649602,C2,NA,NA
-0.07053417706130516,0.15860503734889522,2.921964896338803,C2,NA,NA
-0.06576790442247432,0.16101875745744312,3.3080385079813865,C2,NA,NA
-0.20210116593522573,0.3264891749674334,-0.8695996995484964,C2,NA,NA
-0.13970039826387778,0.20762838888373664,2.8497767366757816,C2,NA,NA
-0.055290762041517005,0.1876969454414122,2.917090245458514,C2,NA,NA
-0.16502928511998302,0.24719241568884243,-0.029710031216782395,C2,NA,NA
-0.13373499708881495,0.18069723823404293,3.0364512832273336,C2,NA,NA
-0.011653736988754541,0.1715696601617707,1.3010033821902764,C2,NA,NA
-0.1108860417863886,0.18973763547400307,3.3607333953633423,C2,NA,NA
-0.07549438774453462,0.27679810954735906,0.758406788994991,C2,NA,NA
-0.10617187052264333,0.23951433437777547,1.9995692089933819,C2,NA,NA
-0.10886381162173131,0.16656433636708817,3.3910124378394384,C2,NA,NA
-0.10749687478812342,0.1318084660670571,1.7120524728958366,C2,NA,NA
-0.12755782686574652,0.20112953397055933,2.290222640882714,C2,NA,NA
-0.11372927101388319,0.18465561651458828,3.0082016530402065,C2,NA,NA
-0.07261036131753035,0.19990291631905016,2.3021841860632346,C2,NA,NA
-0.10970809134346246,0.16203924367883651,1.9175819402784335,C2,NA,NA
-0.12767542326903172,0.14814214934713582,2.933567297178966,C2,NA,NA
-0.08716286741524482,0.275755720803933,1.2788957328189974,C2,NA,NA
-0.08640733736129999,0.18448259669195505,3.307775931235698,C2,NA,NA
-0.13616342014070146,0.20984951130011548,2.84527627635942,C2,NA,NA
-0.11232934279200418,0.1695073986876096,3.169125451135951,C2,NA,NA
-0.16706820992706797,0.28177096751304487,-0.8544027887052351,C2,NA,NA
-0.13061686978706594,0.1745346877869295,-0.5699522343476522,C2,NA,NA
-0.09442822700926831,0.16865093980625978,3.319131722121967,C2,NA,NA
-0.12904154261685663,0.23329966604217772,2.1398568149683035,C2,NA,NA
-0.03464937457786331,0.15951283223111537,2.4879349882109256,C2,NA,NA
-0.012470340676360069,0.1582998719769946,1.1598063726731676,C2,NA,NA
-0.06404856892879154,0.14452043635925554,1.982947499556929,C2,NA,NA
-0.15355471902115686,0.20443746889432154,2.5303088849816953,C2,NA,NA
-0.028076044645214848,0.15592486866273156,1.5917811732273286,C2,NA,NA
-0.068868953131646,0.20859327371722827,2.4750810316640783,C2,NA,NA
-0.05518035057165569,0.2222812792713544,2.534273099785319,C2,NA,NA
-0.1788709751994576,0.19129797840747778,2.1913175557656226,C2,NA,NA
0.05934035459713375,0.18479249985852186,-2.525727854212736,C2,NA,NA
-0.1336973788794357,0.1551328227421302,3.050099629779254,C2,NA,NA
-0.1432854128167158,0.14048240581894816,2.274929488879839,C2,NA,NA
-0.17329203319819714,0.21452515369976438,2.0391461149318055,C2,NA,NA
-0.08928212879511034,0.10006278255846456,-1.667247325136969,C2,NA,NA
-0.09270941898029038,0.15490060644694134,3.48692290794029,C2,NA,NA
-0.12359523906382794,0.1587808828814275,3.3108362538761185,C2,NA,NA
-0.20755019996562415,0.17247405619493844,0.740584258093762,C2,NA,NA
-0.15201465723344698,0.17177659210255383,2.7567203176147324,C2,NA,NA
-0.04624748550836747,0.13482943896341726,1.8956622985221152,C2,NA,NA
-0.06469462100867941,0.18941648513712928,3.2210851531948745,C2,NA,NA
-0.12823089135709592,0.24712244583308482,-1.9299902638451363,C2,NA,NA
-0.051272594331085816,0.3024877691359295,-0.4133878098353114,C2,NA,NA
-0.14272773679543274,0.1516383557583481,2.599883584765349,C2,NA,NA
-0.07138359810563728,0.28838067065146666,0.8491300358876899,C2,NA,NA
-0.11247899943237305,0.14965059084862653,3.2689490403337294,C2,NA,NA
-0.09270008118067694,0.16433596721512775,3.401368489805467,C2,NA,NA
-0.10624981310512893,0.20884702207902753,2.43627899334776,C2,NA,NA
-0.11163951665756508,0.17830732728156318,2.9331300127352256,C2,NA,NA
-0.22779692067426532,0.186473980334271,-0.03956573096452676,C2,NA,NA
-0.11483272040435182,0.2249300947345936,2.188194328027299,C2,NA,NA
-0.12620688242145436,0.2194011119246323,2.7157973188462634,C2,NA,NA
-0.0888493916756123,0.18071508436007774,3.518999753141369,C2,NA,NA
-0.10940528915745076,0.1918948929758173,3.318031932111708,C2,NA,NA
-0.06007897258269652,0.1766219595411964,3.2532081419437224,C2,NA,NA
-0.09745886870526554,0.1836451114817163,2.8232362436859253,C2,NA,NA
-0.13226755890475345,0.2642442300910648,1.5709187012887118,C2,NA,NA
-0.16258393006993327,0.19639040855408646,2.1498581330481796,C2,NA,NA
-0.09430311446111872,0.14473059384297005,3.121845692571351,C2,NA,NA
-0.1398851870451246,0.2073933644087918,2.8288576275383632,C2,NA,NA
-0.15045721785441757,0.16850559761164677,2.9067037533069637,C2,NA,NA
-0.10506343819787511,0.16640751795393427,1.8856364139857962,C2,NA,NA
-0.0690135053262387,0.16243578017723198,3.3913836828563833,C2,NA,NA
-0.05222052566139561,0.1487849096302835,2.6117587686981416,C2,NA,NA
0.014811920720156253,0.22158945795148682,1.0633913802491808,C2,NA,NA
-0.09719087403275387,0.2673208194520887,1.5486645251590825,C2,NA,NA
-0.0980460660536433,0.23669290349837974,1.7334369247828492,C2,NA,NA
-0.0835168761642151,0.19634267117966261,1.5263193863616045,C2,NA,NA
-0.043851139570967444,0.21735467599166156,2.393740572950656,C2,NA,NA
0.009175665540629187,0.17895388484474153,1.1490928371056137,C2,NA,NA
-0.10132507780714875,0.23132329994856984,2.2719405843183003,C2,NA,NA
-0.10254076213435803,0.17168468803810014,2.591770627062182,C2,NA,NA
-0.08215161846070052,0.2656225305874431,1.4747897472913616,C2,NA,NA
-0.06845762260140964,0.1333634212900314,2.4053347502832017,C2,NA,NA
-0.0813350293575013,0.16958177187651508,3.2359463918481763,C2,NA,NA
-0.05971487791585503,0.2471605878994611,0.6869457020624692,C2,NA,NA
-0.11236092319391519,0.16628954977162239,0.629291038967978,C2,NA,NA
-0.0818893082371959,0.22721744192166166,2.579285976688361,C2,NA,NA
-0.08216322353940632,0.19168321495827365,2.8657853380104683,C2,NA,NA
-0.0820992178804153,0.15954822081888437,2.836501733748233,C2,NA,NA
-0.08648883751282466,0.17482839104670841,2.316854856642741,C2,NA,NA
-0.06640512043770552,0.1703707327348548,1.476322752758004,C2,NA,NA
-0.12771787344045996,0.19874180086338578,2.8402195370253915,C2,NA,NA
-0.09886064151751664,0.2967735377487371,0.7357890209450741,C2,NA,NA
-0.059214494911727734,0.16930746713436873,2.92841682029838,C2,NA,NA
-0.10269145676619613,0.2566120707184402,1.898830963164254,C2,NA,NA
-0.11292976700533343,0.19615553251489382,3.2784016619394927,C2,NA,NA
-0.09096303611900047,0.1460630477079703,3.228014837748601,C2,NA,NA
0.025700152314719234,0.17571009625175157,0.15610965650522224,C2,NA,NA
-0.18832271777500179,0.1945021797711084,1.2492720146282905,C2,NA,NA
-0.1315175422899658,0.11959730048774819,0.8855948096745889,C2,NA,NA
-0.17593115724332112,0.2728012149309209,0.1643531323540417,C2,NA,NA
-0.1153756542937893,0.2404453409944546,1.8268045894132015,C2,NA,NA
-0.1420492497269747,0.12525162881021798,0.9203817976846009,C2,NA,NA
-0.06655853887620831,0.2648218854279905,1.4577134977736748,C2,NA,NA
-0.13559697909417784,0.17612040700087306,2.814928633944038,C2,NA,NA
-0.1685901128370309,0.17459350926571732,2.299840617009303,C2,NA,NA
-0.13575640953654633,0.18791045453954605,3.191747307371853,C2,NA,NA
-0.09222654662053488,0.14281012414643685,1.9356002080627497,C2,NA,NA
-0.10421316697613574,0.20419189239162447,2.70257873366068,C2,NA,NA
-0.028099506439352405,0.2173133346704648,2.1586945742136607,C2,NA,NA
-0.07114936041771139,0.2778686484383017,1.2092988569862637,C2,NA,NA
-0.08035337792859394,0.18313402307787524,3.4861347540451444,C2,NA,NA
-0.13513049406932182,0.1720020768451008,3.1066387484468416,C2,NA,NA
-0.121165701776298,0.23103452104648342,2.3562518490056767,C2,NA,NA
-0.06682176997546252,0.3311939416448411,-0.42842997242116254,C2,NA,NA
-0.06127449068669085,0.2113026005071144,2.818087446634919,C2,NA,NA
-0.0958582134918601,0.17471956421098483,3.531306179261926,C2,NA,NA
-0.09781564507601057,0.1384049468856374,2.8354622537814675,C2,NA,NA
-0.16979365692797146,0.1721029195368859,2.181778408120607,C2,NA,NA
-0.13306320152367715,0.2258592115985688,0.7985637192970656,C2,NA,NA
-0.06071959025059037,0.22510164967276394,2.480336328573962,C2,NA,NA
-0.1520286658815263,0.1378868118350641,1.8143930683668659,C2,NA,NA
-0.09830489860441674,0.2622035736630464,1.6046234615038495,C2,NA,NA
-0.10643419820501578,0.14163450809867367,2.863736394072337,C2,NA,NA
-0.1016214120838352,0.2553619721606322,1.484768035744771,C2,NA,NA
-0.14863558166581642,0.19130755845641848,1.7509598109785776,C2,NA,NA
-0.22949312510138317,0.22098816505705532,-0.06567119729709692,C2,NA,NA
-0.11649470511345497,0.22416340984512131,1.7310749310278815,C2,NA,NA
-0.13474329527290627,0.15692657771106036,2.9993400105921184,C2,NA,NA
-0.1207591607364336,0.1378287917708813,2.744938769380016,C2,NA,NA
-0.12865098075375697,0.16493598319230285,2.0729996852131882,C2,NA,NA
-4.041421592245588,NA,-2.0092195772053043,PZ,0.6772897792430954,-0.5395165702672764
-14.057274990040474,NA,-7.1350798874816705,PZ,0.8800861915161929,-0.49359992480283804
-7.050853935605893,NA,-1.495089735516547,PZ,-0.36347970709377475,-0.17518670306543183
-8.48557274265603,NA,-2.1632809736219407,PZ,0.01152774102339825,0.7144190625744011
-4.406589810371905,NA,-1.5617472785746023,PZ,0.7201146860676895,-0.5590946448234203
-8.337466999709775,NA,-6.017546115021251,PZ,-0.9488140511617611,1.3590834569526837
-9.39681871849341,NA,-1.979468397698283,PZ,0.12314371323866058,-0.3886233598606947
-6.854443368994985,NA,-5.6805439680660825,PZ,0.09550929468985453,-0.02431255146898137
-12.517688931925594,NA,-3.505411274142409,PZ,0.6951025750833034,-0.2807781655819035
-4.322712691841007,NA,-1.6004660106063953,PZ,0.6357488780065548,-0.5043620015845347
-7.650858821180044,NA,-6.814378992299006,PZ,2.2177600606648475,-2.1155034643308213
-4.976912934353768,NA,-3.4008121362817008,PZ,-1.7419882072592252,-1.2555032058676776
-6.237465768700921,NA,-2.346759723265276,PZ,-0.8901436025047811,-0.7981652001893295
-4.176834791070039,NA,-1.9631572840770743,PZ,0.37804141855653983,0.060952325067812396
-7.7195033980206285,NA,-4.121554512395845,PZ,2.0917867388707894,0.10440927658895904
-7.12256167049435,NA,-1.9642808862227694,PZ,-1.011220941479941,-0.7687045161757506
-4.93603966807915,NA,-1.4798653040333503,PZ,0.6332434502685655,0.14337418204611985
-6.099569238743695,NA,-1.2657633479502264,PZ,-0.25958872182479065,0.3523403092431814
-6.467774253170562,NA,-2.5680095865373325,PZ,-1.657410777604646,-0.702263323267516
-5.495504321914018,NA,-1.4130287156727332,PZ,-0.06974155103650131,-0.8622532014214517
-4.887035884523648,NA,-1.765434744059398,PZ,-0.8634726577545015,-1.0385872684733506
-4.075128465986701,NA,-1.9810489277951646,PZ,-0.7858752815585173,-0.9081689337615736
-10.826259552882695,NA,-3.060724568680326,PZ,-0.298254697097856,-0.8771152953090394
-14.909398272246627,NA,-6.803640263110765,PZ,1.826360325004215,-0.861644674851183
-9.179886481427255,NA,-4.00423078136906,PZ,0.02535343469618523,-1.5692911391821553
-3.084086203666744,NA,-3.82347023310501,PZ,-1.4393776898305624,-0.9061692856186312
-2.859302730280646,NA,-7.595928494567316,PZ,1.7315298905452121,-1.1864460115886297
-11.395641179078668,NA,-4.193588129984344,PZ,-1.31142963944831,0.45359187176069987
-5.205420480582142,NA,-1.7478037478443356,PZ,-0.7639949952862538,-0.865557206888104
-6.60874070837504,NA,-1.1177113130562606,PZ,0.11503274269315172,0.27713150617475435
-4.416043550622491,NA,-2.224900517864221,PZ,1.1636288798591945,-0.21663300739660607
-7.649260702009965,NA,-1.585294697702325,PZ,0.08202490733421852,-0.14463513165304684
-7.407237739426235,NA,-1.4257485179175657,PZ,0.13269856827865162,0.6969855444382261
-4.089565655629068,NA,-4.968197458581555,PZ,0.007757016369818404,-2.7850227903663285
-9.118616218894607,NA,-3.077863375516867,PZ,-0.06032745880643936,-0.00875789428646967
-6.6262051892832705,NA,-2.318313232692834,PZ,-1.5243198385255088,0.5989865676354238
-7.2236108583111545,NA,-1.4482182277753959,PZ,0.1015893182670139,-0.4467058330541236
-5.643336163786914,NA,-1.0480202591713623,PZ,0.491310464690719,0.057273177792733276
-8.897186887609397,NA,-2.784988174406894,PZ,0.3264435883115373,1.46668666949871
-6.394967078121257,NA,-3.0218220382016217,PZ,-1.7221396662191775,-0.10863758826436754
-8.199628995335727,NA,-2.120961708233287,PZ,1.1622101619270935,0.3498308945598273
-4.933582708989324,NA,-3.5768071321422266,PZ,-2.1908640184544854,0.5070817618629413
-10.016755964255136,NA,-2.289422531107073,PZ,-0.7236190826734034,0.030414160193059592
-7.459487350624203,NA,-2.001458136579258,PZ,0.9577635206110262,-0.47868331458447233
-5.438281807823458,NA,-1.425335343551761,PZ,0.25811887820168933,0.4041588809061799
-9.685378783348172,NA,-2.5819049479198677,PZ,0.5967724244130077,-0.7784384785885776
-4.336786967130447,NA,-1.6592956431027734,PZ,-0.7181006402911789,-0.8391365587657557
-9.061377596522423,NA,-1.9272418509060023,PZ,0.18979778031049532,-0.712550381784932
-10.452450356654701,NA,-6.229212413025506,PZ,-0.48023230774895986,0.2679595516011116
-3.6366098500210065,NA,-2.212469049738016,PZ,0.03346469593989619,-0.2768451907910558
-6.413989054648958,NA,-1.9981542019769027,PZ,-0.27073136456857766,1.1248791227259218
-5.583300249173423,NA,-1.3998594922841763,PZ,-0.46094368001538955,0.15344545706323343
-9.549614050693394,NA,-3.011217807535381,PZ,-0.3571021473165869,-0.889442120213958
-7.370696424996042,NA,-3.402158007756609,PZ,-0.8492212770964048,-1.5217180735774982
-8.740419848385663,NA,-3.980923932754212,PZ,-1.6498820852389502,-1.4440853965000142
-5.005650479784085,NA,-1.4978840275283076,PZ,-0.02968622694118417,-1.1037684729620096
-4.882684218312724,NA,-1.8742891651680949,PZ,-0.5898566833127341,-0.35423942308442435
-8.6421503133907,NA,-4.1081998544937885,PZ,0.5456372832908365,2.121421262359559
-5.025482974280967,NA,-1.287324254837399,PZ,-0.20077543647717966,-0.05532048411453372
-10.345031885521186,NA,-2.943349045315324,PZ,-0.14040423418597997,-1.2489435305990346
-7.1164276580264225,NA,-1.5506078910880579,PZ,0.7133815450248,0.5522191981027922
-7.524704532358419,NA,-1.6637702650808743,PZ,-0.16004170393666928,0.5401743160089608
-6.862424709097617,NA,-3.235188799564999,PZ,-2.1037132266543535,0.02846563592022905
-5.758106095013709,NA,-2.103352187527896,PZ,0.18637323016969545,1.305456942579851
-7.2306436950668695,NA,-1.5101297975033183,PZ,-0.4242102640097031,0.7711339645367614
-7.0031477085997444,NA,-1.0745349650681586,PZ,-0.006783008049006556,0.18787933014615504
-4.573517103955798,NA,-2.0081277182632147,PZ,1.0596590776587629,-0.6345338494971959
-8.665812969771912,NA,-2.251959074114866,PZ,0.4839649024307341,-0.03903187228088845
-5.448100055726893,NA,-2.9866946959558773,PZ,-1.5266585087402809,0.8626010854746737
-7.862328307824774,NA,-2.490156700103257,PZ,-0.1525321795161451,-1.5644125614901645
-12.406338064343874,NA,-3.37971717152089,PZ,-0.4146708980228879,0.5537828415647121
-6.896927442639601,NA,-1.8745397480921988,PZ,-0.26985408814378814,0.8113780986354722
-7.750340557026074,NA,-3.090108301294818,PZ,0.5971100766496616,-1.5598104138720599
-9.061980815616947,NA,-2.905386449854047,PZ,0.3081262481217871,-0.8139226704164592
-4.727003936978647,NA,-3.469800275717414,PZ,-0.8384349517897622,1.071651005364921
-6.081212391902488,NA,-1.2603965086988416,PZ,-0.4616376571157984,-0.08637477374146896
-7.205129078899535,NA,-1.5465939367679422,PZ,-0.7873352161511651,0.5092194262721979
-6.994483039647817,NA,-2.479783248396049,PZ,-0.9286444296422839,-1.4329100079162718
-13.768785466638528,NA,-4.126074429697067,PZ,0.4210843962731875,-0.12227988073441753
-6.450039398263441,NA,-2.5258766018586982,PZ,0.7744339029242084,0.8028516130199843
-6.497464650529668,NA,-1.5407745897906493,PZ,-0.7521451908217467,-0.03394036953784835
-11.234484707721796,NA,-2.8148685290281343,PZ,-0.6845696359575906,-0.17446230976398153
-7.032561866570858,NA,-4.447128496897026,PZ,1.3135425496029647,2.071489282979817
-6.767153264082134,NA,-2.1767826823041045,PZ,0.04644774810219249,1.0712830421802708
-6.357147786753576,NA,-3.1668371096624965,PZ,1.7201217750056952,-0.4672958218911678
-9.28362484752844,NA,-2.151978668841892,PZ,-0.1453927241248983,0.13440649845883934
-5.961544098398184,NA,-1.7187964227748433,PZ,-0.7718141991832346,-0.9374100405433603
-5.586299364516328,NA,-2.308125679362075,PZ,0.4195021521253446,0.24550250476915733
-4.558654421351898,NA,-1.473487716491952,PZ,0.23853071036370332,-0.9396100592322307
-5.020332817436347,NA,-4.070097695666296,PZ,2.302586205468698,-0.32723086517632516
-7.254151841435247,NA,-2.7842630763690193,PZ,0.6947799963688829,1.634711193207034
-7.267847674152543,NA,-6.25398075447688,PZ,2.026729578194366,-1.407509255244256
-7.954197079300082,NA,-1.7883298086999309,PZ,0.5128125047968218,-0.3044445272939029
-9.7491218346336,NA,-5.200983100115208,PZ,1.446636292678639,0.8284567537332623
-6.431281103798752,NA,-1.6778207739228126,PZ,-0.21949832450708495,0.27112254918009365
-6.474959407520792,NA,-1.6561981199126687,PZ,-0.7206792903160074,0.6472417336066627
-4.40781483755547,NA,-1.5290831143452182,PZ,-0.8942194986241874,-0.1506372602586208
-7.260205298152135,NA,-1.548444936742413,PZ,0.6515712531774047,-0.5895389375285737
-8.881856955334566,NA,-6.458612477966487,PZ,-0.4140773878389716,0.04778628546579955
-7.731637797728885,NA,-2.6064622018339056,PZ,0.4573384672255497,1.251975285704725
-11.749788672823273,NA,-7.5417909661056,PZ,-1.0636604922952495,2.323506782072722
-6.168687787401201,NA,-2.1080572984001416,PZ,-0.8622340014076975,0.9608636593331056
-6.902950066338157,NA,-1.6539669430921127,PZ,0.9982315291462636,-0.2868577893371733
-10.389138794094208,NA,-4.11913377965703,PZ,0.3735227053052387,-1.8336291664751687
-7.609867405071567,NA,-3.2630354964793558,PZ,-0.3981773715492641,-1.8824136658703188
-5.291379551331772,NA,-2.2466736175324766,PZ,-0.8528378921330685,0.5331183833165196
-4.079043162614175,NA,-1.5819914246425946,PZ,-0.4662291746085976,-0.32817983932523537
-10.416319967726201,NA,-2.9209123622482944,PZ,0.09235500415180764,0.7703467963042653
-9.598781275487454,NA,-6.082024050053735,PZ,2.1561563710133997,-1.661901829905446
-8.139483911220877,NA,-2.322563678337171,PZ,0.4284569630884626,-1.2016452003164013
-4.176892717238081,NA,-1.974154412556373,PZ,-0.44087903750847834,0.090850860264438
-3.811702747689486,NA,-5.534820617887805,PZ,1.0910264921309782,-1.965423151155433
-7.218953888683495,NA,-2.289432940017328,PZ,-1.3525069655984812,-0.16149652796525765
-9.940663635368196,NA,-4.663885460433681,PZ,0.04559089299343572,2.298698309242808
-10.933554842893045,NA,-4.703808494282027,PZ,-1.1523958467876572,1.6576330301942324
-8.19491143814453,NA,-3.8700371949330994,PZ,-1.7101309081331755,-0.7841383202224093
-5.574718114183859,NA,-1.3447044475710452,PZ,-0.6562348374424767,0.6054423067595848
-4.9675515746351415,NA,-2.004670758407091,PZ,0.44019294522414387,-0.9762711550431442
-5.93395343127697,NA,-3.0870726162548894,PZ,-0.9783159893083705,0.7089216929729416
-4.279000667007365,NA,-1.5053071580835453,PZ,-0.6764331187749965,-0.4206894620832443
-7.828515207098508,NA,-1.2864155692033892,PZ,0.10553867141728235,0.13258108417517467
-7.103133598013463,NA,-1.1492475561896618,PZ,-0.218459471576521,0.24983790019464758
-8.841603309859044,NA,-1.8831818845798403,PZ,-0.3925733446597179,0.6387487477853102
-5.28102877551358,NA,-1.195110954712447,PZ,-0.08919113261716052,-0.5958452993504648
-4.918047138857778,NA,-2.1022950832129106,PZ,0.4916231533204053,-0.3781638588071566
-12.752713876233075,NA,-4.694345079012916,PZ,-1.0084095401986413,0.023948637848512255
-7.964167303910511,NA,-4.173270023754741,PZ,1.7155842226488296,0.5015399300545996
-4.914150841524436,NA,-1.0020995126727958,PZ,-0.041988892499700836,0.09313057903715366
-6.167759923499748,NA,-3.569018906624779,PZ,-1.8057837506280818,1.380164075848994
-5.3848193074103765,NA,-3.0765109816244203,PZ,1.3477977931566651,-1.127796534370319
-5.140504086857192,NA,-1.3174477821079544,PZ,-0.8698754142910887,0.20120444761403555
-6.442034791885127,NA,-1.5067751758375705,PZ,-0.18972729402055516,0.35592619100531137
-6.073857046440477,NA,-1.4921794402150792,PZ,0.624901343702293,-0.22249144488884426
-9.093160069783432,NA,-3.186376305148335,PZ,-1.340809779700331,-0.21360857898945573
-6.236437033620398,NA,-2.3464623108589318,PZ,0.9185054285747221,0.8685822910058285
-7.037458035636275,NA,-2.2413992249494337,PZ,-0.4754584852887149,1.1528338887776786
-9.191488250613023,NA,-2.357464883679659,PZ,0.3167426351691245,0.6462941365160024
-3.8807990859860726,NA,-4.8010230819897854,PZ,-0.1816752518772804,1.1844781164146874
-4.069841862262787,NA,-3.816530146062656,PZ,-0.7347306318919459,-2.2217094442093934
-6.435574301324484,NA,-1.9912458800923798,PZ,0.8390257947671442,0.15152896291542373
-6.086625477590899,NA,-3.340868792067286,PZ,1.2786360656238882,0.3770095053394569
-6.977313422720137,NA,-1.687890193012106,PZ,-0.09279760800146358,-0.6149536674952285
-10.282219905861613,NA,-4.175616219594135,PZ,1.4791368474245181,-0.19765785729054297
-6.785020880094823,NA,-1.5887069872426456,PZ,0.022651384923370932,-0.36037984598673867
-6.956503871068502,NA,-2.6469888631419067,PZ,-0.5221307687890817,-1.6027533531643479
-4.977937656599582,NA,-1.5650957905226872,PZ,-0.7105290844100677,-0.4076024539405263
-7.193403202699295,NA,-1.7413162291719708,PZ,0.12546158761987383,-0.6915237726098118
-5.850890931747759,NA,-2.824054140022084,PZ,1.8847869170321878,-0.06703431859021622
-18.53167946330503,NA,-7.389821641795728,PZ,-0.4114381022256538,-0.6376789893677604
-9.727687548903825,NA,-3.468842826123058,PZ,-0.743022269936042,0.14641927550402956
-8.155836561766769,NA,-1.9290283499705267,PZ,-0.0502315232976136,0.9559277193513824
-7.286622458258114,NA,-3.891330900639314,PZ,1.8261249789424596,0.28689372557927284
-4.279000667007365,NA,-1.5053071580835453,PZ,-0.6764331187749965,-0.4206894620832443
-9.449210994774973,NA,-3.31050350430414,PZ,1.0824752764540047,0.869314359179578
-4.594521929294158,NA,-2.940450631146143,PZ,1.1429821230099366,0.8491027620429588
-9.80728360937109,NA,-3.1135183715683468,PZ,0.9228701815505413,1.0528633386247574
-6.400989479803019,NA,-4.7819239548718055,PZ,2.0206701307776758,-0.14129629714256295
-6.962781005595567,NA,-2.586533298171105,PZ,1.3157242714065946,-1.1780818895825713
-4.919179926434552,NA,-2.6233422278925347,PZ,-0.22015741650133677,-1.8304057842659307
-8.871050803616226,NA,-2.5617298159770883,PZ,0.46976644899894593,0.7162464549521155
-7.014468692179198,NA,-4.183817421878723,PZ,-0.19406799997289886,-2.3274083073377443
-7.627429870307012,NA,-2.3150195743022697,PZ,0.5208116065345497,-0.6229758209298839
-7.229428785558395,NA,-2.698977622467262,PZ,-0.2761020160179829,-1.671667317985092
-6.264406437694977,NA,-2.092960051742181,PZ,0.12132262476709352,-1.3373375990400473
-5.337250262908547,NA,-3.194368135580597,PZ,0.4993945486194057,-2.135873932531904
-9.751993545497028,NA,-3.677051064778738,PZ,-1.7562585569848432,-0.17776264866351807
-4.457987547932845,NA,-3.092985117847235,PZ,0.2989877986235353,0.9450179407986
-7.508692711296357,NA,-1.3627467683732308,PZ,0.2646531790921512,0.10615690816402154
-6.3514259019264765,NA,-2.556597048338822,PZ,0.2201536606470305,-1.6497669885155521
-5.897574478141625,NA,-2.350973188403041,PZ,0.4580539740554559,-0.32628700676987077
-7.688466707570981,NA,-2.1506865792980943,PZ,0.8244003213381539,-0.13195442981959654
-10.387061968272448,NA,-5.0516674378083515,PZ,1.8061587021186591,-1.5658581585434046
-7.520427513339701,NA,-5.004012507765466,PZ,-1.1872131277460884,2.2953254423641765
-5.791937383979608,NA,-1.5540932390126936,PZ,0.2050299623461609,1.0140069652341202
-8.081207065898147,NA,-1.5244860060554302,PZ,0.27912496962217603,0.3569827939164141
-6.81856286154039,NA,-2.3364581031987233,PZ,1.2914041478960585,-0.7450532987365304
-5.531288591869123,NA,-1.6014097495712134,PZ,-0.720569354101386,0.2277170831298278
-8.388880394803353,NA,-5.212825465629538,PZ,-2.1224058332148865,1.3240268885479816
-5.51316263871281,NA,-3.5129411315903134,PZ,-1.5036034496728377,1.3280725846246049
-6.211753727073738,NA,-5.564289760381159,PZ,-2.1206240162461247,0.7707237477030888
-6.675754125833812,NA,-2.7224522415953802,PZ,0.9056579019700576,1.514303456559245
-9.99780861370118,NA,-3.6583012721073125,PZ,0.5439333428660298,1.6083837123228828
-7.411350707339975,NA,-3.7882213938081457,PZ,-2.0213027293628434,1.0452136009623096
-6.055410829990683,NA,-1.0575979188903832,PZ,0.3539891341548114,0.17051972717279074
-11.262065893164422,NA,-4.473895787649805,PZ,1.52849198286527,-0.9218354163349154
-14.674503325301425,NA,-6.29172750466415,PZ,0.3626558984571838,-0.7352124818223305
-6.3202839155789565,NA,-2.678930411974918,PZ,0.870952834863406,1.411951845201794
-15.382504366935835,NA,-5.26432195799251,PZ,0.12124236341557582,-0.7907222133980948
-9.336596119241863,NA,-1.8039965972959195,PZ,-0.021554115020910092,0.24619087353089297
-5.642520322492621,NA,-1.5951531926019802,PZ,-0.9039060124702958,0.37480299764910807
-7.097724497518364,NA,-1.2188141094439418,PZ,0.3528530097670026,-0.07809679382370016
-7.689164008490678,NA,-1.4436614072045009,PZ,-0.45090617351037054,-0.456801724970188
-8.707452931393306,NA,-1.651059113218714,PZ,-0.13734021794087237,0.23668715586997502
-6.413430541513376,NA,-2.49590315596283,PZ,-0.7874861446349467,-1.0986388285436974
-4.964708487811274,NA,-5.296825615193852,PZ,0.22378388660652326,2.29446184632045
-5.736909026124213,NA,-2.4170578848593944,PZ,-0.23775038244987892,-0.5150559503078702
-7.946705735904248,NA,-2.225702282027885,PZ,0.09967737623618478,1.2450816066076287
-7.7864797326139374,NA,-2.2313758587721204,PZ,-0.8631435884149546,0.831515677306718
-8.721811350972587,NA,-5.369109229212603,PZ,1.3400522890980118,-2.3836308629540026
-7.084330885035417,NA,-1.279812953381898,PZ,-0.41604424350258357,0.4620902493085879
-8.953294238100844,NA,-3.4210909922051864,PZ,-0.12971454092991785,0.016438383999946515
-10.353661263524922,NA,-2.309782834446688,PZ,-0.17767097348974925,0.5095720547904626
-10.287107256307886,NA,-3.4953053639418643,PZ,-1.6273558793823175,0.3039029444649482
-7.6674596129794494,NA,-1.7717438796226144,PZ,-0.4641358720645228,-0.9066921137447688
-7.095045042790198,NA,-1.4813891946890627,PZ,0.6840303252323314,0.5599630114547459
-5.487306429021336,NA,-2.2491043590224606,PZ,0.594231466307831,-1.320916798206049
-6.346017220414411,NA,-1.7110248543948625,PZ,1.0975141002132305,0.1444966369684017
-5.579489746946226,NA,-2.43806042323202,PZ,0.5327144182213343,1.4177586973629948
-8.560915276727599,NA,-2.7036813151633097,PZ,-0.7506425305970226,0.9589630138249681
-7.87531518136347,NA,-1.7855551767484028,PZ,-0.5154947068462116,0.5599794615407326
-11.59755983622554,NA,-3.428599538657572,PZ,-0.9498070800894465,-0.3090676099073762
-3.8351536040005607,NA,-2.0241298046518708,PZ,0.18058397598401524,-0.743048805531618
-5.764500941793373,NA,-2.3142764702711003,PZ,-1.1537809837807276,0.5503258101840715
-4.975574329145974,NA,-1.9044100246369,PZ,-0.6571309337380788,0.07117620544875752
-6.9495971787528426,NA,-2.2209691555405504,PZ,-0.09540240470274058,1.4603698801905758
-10.111935695064668,NA,-5.3674224741545284,PZ,-0.2869264687237822,-2.016745918739367
-7.846113681060344,NA,-2.1184001630176117,PZ,-1.224247784365743,-0.27673283887751754
-8.226649609585907,NA,-2.064097970320992,PZ,-0.6722610172571771,-0.9709682839253047
-7.946042750814802,NA,-1.6552963758885075,PZ,-0.7151753979552684,0.40985063602998156
-5.1577253376375944,NA,-1.5075442421926035,PZ,-0.6623004845803231,-0.5061991072250909
-7.7745413699560855,NA,-2.46477042848656,PZ,-0.36009661419583217,-0.9423594770906002
-6.910887315305645,NA,-3.139572385689081,PZ,1.6849646673584449,-0.37159847091626563
-6.974025075802356,NA,-2.261951548707739,PZ,1.0874949623702115,-1.0961560472933516
-5.574125818908581,NA,-4.084549076827102,PZ,-2.014832891703418,0.7510144618970218
-8.196094386372335,NA,-4.578358844946784,PZ,1.0687917650082488,2.1877823955176314
-5.732042859909725,NA,-1.1364207292833526,PZ,-0.42381765664592697,-0.5402558947479659
-7.477417274327209,NA,-2.3686460467952037,PZ,1.006330328625747,-0.038243558649012965
-7.287981447795033,NA,-2.6908124584557,PZ,0.7721887510268577,-1.5824469556969454
-7.904339408207701,NA,-2.2835302978971868,PZ,-1.1308561539965036,-0.5677011803089431
-4.393888096545533,NA,-1.4453022567051468,PZ,-0.16045932276575894,-0.8136680142890979
-4.5356525345166885,NA,-3.029843556906232,PZ,-1.6069217817802544,0.3769130008275878
-6.347454740567866,NA,-2.662377447400399,PZ,-0.24188471534874234,-0.26476800787025806
-12.893407958839754,NA,-3.6533136566961053,PZ,-0.06380887872879082,-0.43866221116469684
-6.452864556853205,NA,-4.684732961342717,PZ,1.319493293831882,-1.8000354204066507
-9.233748166891687,NA,-2.664063701040982,PZ,-0.12956836975758135,-0.3223453657543007
-6.605675173751439,NA,-2.3101234949381486,PZ,-1.3590160360775034,0.7355912307463205
-6.972261402234498,NA,-1.2341590295785656,PZ,0.5435871567153837,0.22415062702120858
-8.626881266729843,NA,-2.9471788458465,PZ,-0.5186806590304402,-0.7743633897107536
-5.230627841142214,NA,-1.5337216631002704,PZ,-0.7554402006827661,0.4046778088339905
-9.72722370438299,NA,-4.009575896331749,PZ,-0.5202089736719127,0.12459612294554874
-6.522982609374622,NA,-1.4770301600165845,PZ,-0.6298285972077096,0.3155395733468045
-5.206897444242003,NA,-1.796839244747001,PZ,0.9027371944384562,-0.9258722106963186
-4.503128959752234,NA,-4.968038430742359,PZ,2.271728555392292,-1.2627789805557088
-8.690939959754585,NA,-2.5695658293787647,PZ,-0.7164739383338244,-1.2581860157728246
-8.083671401700364,NA,-4.532291582768713,PZ,-1.2301896054474584,1.7345692491595388
-8.804581713686666,NA,-1.806781723186334,PZ,-0.053645623977868206,0.484682470796274
-6.16255365940543,NA,-2.6393194327246223,PZ,-0.7862833291692112,0.8699785624907685
-7.71886938279226,NA,-1.8330035035001977,PZ,0.5331304958873481,-0.9308830232624525
-4.946037733078506,NA,-2.2357620653261954,PZ,1.390833770992299,-0.7786077659309181
-6.209623660071681,NA,-2.0055011659508977,PZ,-0.17798963021627398,-0.9916074110039168
-5.520743248405441,NA,-0.9198747142513803,PZ,0.1796592739308589,0.10626196974017296
-7.153641662965694,NA,-1.2428771231183282,PZ,0.37583610950749835,-0.2442073766004998
-7.267986401945225,NA,-1.428844162226961,PZ,-0.14024163998307354,0.7732306908085118
-5.063104369629915,NA,-2.0354815930158465,PZ,-0.3366940348571221,-1.50766056029523
-4.013857953295284,NA,-2.907028842533278,PZ,1.4616709050939867,-0.37688930298781365
-5.686699249207672,NA,-4.234717858747718,PZ,2.138884808114345,-1.1327952697606305
-4.322643525458336,NA,-3.7687692774062898,PZ,-0.7740014752470905,0.2998097303263475
-4.425248100677395,NA,-4.943336898697364,PZ,-2.4740158658050886,-1.289483833910705
-3.314907740541081,NA,-2.9378946667952386,PZ,-0.2664976571371903,-0.9384701731011785
-5.786313487020171,NA,-1.2279133144718781,PZ,-0.8548402018882725,-0.15528567497768325
-7.42370756725928,NA,-4.251751163557181,PZ,1.1093396665687236,-1.4041985040420877
-9.833506315825028,NA,-3.073886362109073,PZ,1.0798026974578376,-0.5044218808609376
-5.7958769840839555,NA,-2.331140501728687,PZ,0.7261126019045782,0.4170564983834313
-5.978658228530517,NA,-2.3561283667745325,PZ,-0.3491911057332297,1.0843820761083467
-4.2597760600218715,NA,-3.461758264869178,PZ,0.6997005191639528,1.1181316845233689
-3.314907740541081,NA,-2.9378946667952386,PZ,-0.2664976571371903,-0.9384701731011785
-11.970683804750387,NA,-5.849350932112503,PZ,0.09353769386589883,1.6381562466830641
-8.154966773203551,NA,-1.3638129449648175,PZ,-0.010045076605444514,-0.038865645602324916
-4.976912934353768,NA,-3.4008121362817008,PZ,-1.7419882072592252,-1.2555032058676776
-12.771552071234408,NA,-6.154457553489477,PZ,0.2218754978190991,1.8966405909642199
-8.969158822353533,NA,-2.1520852318390165,PZ,0.05619588018956234,0.5116766440015353
-8.326317101305113,NA,-5.520412583033025,PZ,-2.425624034889324,0.8911005514057566
-7.8399887169942,NA,-1.9279543790142375,PZ,-0.9929656886007886,-0.49792468074714447
-5.161357532367373,NA,-1.3778003959338747,PZ,-0.7899752211620411,-0.17870569709479095
-5.651465896948711,NA,-1.232592883317238,PZ,0.16181448032465784,-0.8859659924001186
-5.492609558731129,NA,-3.2524327874155388,PZ,-0.27412854330323144,-1.9312274025838696
-5.952455982661572,NA,-3.487811331353864,PZ,0.4069330793429091,-0.2426138371126253
-6.0644063269868544,NA,-3.9049291193880853,PZ,-1.3784585392956639,1.0439641244744804
-7.577683759711272,NA,-2.742071956348397,PZ,-1.6075432912867225,-0.6797495899960841
-9.843491084613675,NA,-3.678912578643627,PZ,1.458688307963264,-0.13413920050204486
-5.016853428736378,NA,-1.8447225800209093,PZ,-1.0874742872405367,0.30815844535507547
-6.8112465376660065,NA,-5.21121415968546,PZ,-1.9423506362462453,-0.3810590007470361
-6.348191940386762,NA,-3.561786775332992,PZ,-0.5284377129932347,2.1065721731190203
-9.090767583906933,NA,-1.8861681168080962,PZ,-0.08979229440739522,0.6174425496386496
-8.199108692542561,NA,-5.038057850733814,PZ,1.9916460252640222,-1.578565545807872
-4.980988834707352,NA,-1.8196078114616798,PZ,-1.1707652590421707,-0.32865006316660567
-4.0273482012411925,NA,-2.3690999698719986,PZ,0.5135260926432031,-0.6879220089023794
-7.947912915271545,NA,-2.706007711124216,PZ,0.22499280341979783,-0.5203728794995315
-7.9318910006085295,NA,-3.095318751325141,PZ,-1.449077153836333,1.20050881285404
-4.079043162614175,NA,-1.5819914246425946,PZ,-0.4662291746085976,-0.32817983932523537
-7.169139936810394,NA,-2.7068234372632958,PZ,0.815064914394154,-0.004632537761843913
-6.006905434354836,NA,-2.120084266021829,PZ,-0.9212953337377512,-0.15453677892431883
-5.041494765372391,NA,-4.749995437729384,PZ,-0.7280059437993343,-2.526728620045297
-8.337466999709775,NA,-6.017546115021251,PZ,-0.9488140511617611,1.3590834569526837
-9.848006500527832,NA,-2.6994478647979343,PZ,1.0554581403960892,0.5809526086329295
-4.969068200487392,NA,-1.8857425806797088,PZ,-0.3618318939939468,0.5381543908279562
-4.307564001453137,NA,-2.347697490532677,PZ,1.1191853751758294,-0.7737062069020503
-4.464331014695996,NA,-1.8636310778724203,PZ,0.7317908905954218,0.0429228928346973
-9.55513219420094,NA,-5.048409126914683,PZ,0.9008424325366216,2.1446682409769737
-8.704309951244708,NA,-3.7784304814873404,PZ,1.3321017184251749,1.044199190321768
-4.7941958980645785,NA,-1.9502551572967897,PZ,0.9560292111417241,-0.15123276670945807
-11.239032789027588,NA,-5.6724604942713786,PZ,-2.3193960406199716,0.9521844275325317
-3.6366098500210065,NA,-2.212469049738016,PZ,0.03346469593989619,-0.2768451907910558
-15.314014281767559,NA,-8.26861396419819,PZ,-0.2668206657186849,0.6025092470253223
-6.9661551012628955,NA,-2.4157916578912113,PZ,-0.6574511294139065,-0.25744422048349674
-5.313990546660189,NA,-7.083965005050698,PZ,0.2827166364949831,-3.5313713869450725
-4.7912411988327746,NA,-3.34037363310769,PZ,-1.4119439379191867,1.1539172145033196
-5.17464040187194,NA,-1.6497647414834877,PZ,-0.5408378013233465,-0.546431623178834
-6.392074048731117,NA,-1.2545731075057092,PZ,-0.5568428069114789,0.04085953338582937
-4.329485846806881,NA,-2.4116151307138463,PZ,0.059371314629087624,0.025970545753818026
-7.123400411189085,NA,-4.250256801113674,PZ,-2.449988643197353,-0.02560563276551853
-12.82664857736909,NA,-4.442331125017517,PZ,0.004492404510622022,1.35214986059349
-9.601616330825511,NA,-3.218124201044134,PZ,0.08856143976177488,-0.1857108161975014
-5.917084011555521,NA,-3.114613396663291,PZ,-1.0179346055676852,1.3069159333765228
-5.952360654728073,NA,-1.2161814749875839,PZ,-0.08254017136412187,-0.40985513857466127
-8.43870691372328,NA,-2.586407424613236,PZ,-0.8803190501159792,0.7328452522066857
-11.091583807645597,NA,-3.180110585208233,PZ,1.0414431691608268,-0.5525468686883337
-4.09366160006301,NA,-7.232644853354376,PZ,-1.6380188366545634,0.1325789160216051
-8.5099382288969,NA,-2.306521209252271,PZ,0.3491961941829931,0.9752814746491603
-10.670601290000636,NA,-2.5760190596959434,PZ,-0.3267760421757293,-0.21360246299163865
-6.39248211730488,NA,-2.3270459892347977,PZ,-0.8959163002728218,-1.0034746702802948
-4.324054350855305,NA,-3.896419431481333,PZ,-0.8805508924190999,-1.689469658740165
-8.526407838836326,NA,-2.4611658677031194,PZ,1.142597724346071,-0.5034042134563496
-8.292172854621588,NA,-2.138258201763572,PZ,-0.6375127187383798,1.0128848105965114
-4.558426369802187,NA,-4.101004429170394,PZ,1.698646717811235,0.5870910832724153
-8.543487669132816,NA,-2.565005232481674,PZ,-0.2147332474836363,-1.3477634757888621
-5.246679286688187,NA,-5.074626731593444,PZ,1.0597820382918886,-2.5092557792941017
-5.7078302154997225,NA,-2.5577852023240637,PZ,-1.5936734958542957,0.06152240425809741
-12.309286681361115,NA,-4.1200365924420925,PZ,1.0486922295386232,-0.5289980187111527
-4.66181238054468,NA,-3.8782939928832585,PZ,-1.9157702998692643,0.7160271381498355
-6.61267724472616,NA,-1.4871555615354006,PZ,0.30062550285349876,-0.9656591442581186
-13.020692808292797,NA,-3.5377347356071254,PZ,0.12899434510136665,0.39437915267061474
-7.0766200825364365,NA,-1.3441198516026762,PZ,0.4904397637189468,-0.415917438056131
-8.216548000125053,NA,-2.7517751299640523,PZ,-0.6169064303143936,1.3738302368096469
-5.758106095013709,NA,-2.103352187527896,PZ,0.18637323016969545,1.305456942579851
-8.857766443952682,NA,-5.750094813052961,PZ,-2.51938257018686,0.9971610322884447
-7.578195207142633,NA,-3.1865462105180593,PZ,0.49799916147680523,1.8879049999680722
-9.164079777771573,NA,-3.517822651138067,PZ,-1.3783966630015665,0.7723229735589954
-11.802881894732959,NA,-5.149817537266159,PZ,1.9364916188101695,-0.06849084963989704
-6.352446866551638,NA,-4.316726773315132,PZ,-2.1464391150120314,1.3071792402827382
-6.11413816982459,NA,-1.3109830295138727,PZ,-0.017664173846282216,0.8232105935354558
-5.5008206385769585,NA,-4.488113089384525,PZ,-2.399426282168315,-1.2072086205349164
-4.080738705852505,NA,-3.822586310641386,PZ,-1.1710429735507306,-2.0242663466348265
-4.446106868541531,NA,-2.2190757091173356,PZ,-1.0527672736505571,0.639771055701164
-8.17288467196762,NA,-2.352201853587508,PZ,1.2119244540337295,-0.304558817284341
-9.959018967788351,NA,-2.481326791947472,PZ,-0.8915928748698974,0.3690202386877144
-4.488206909103875,NA,-7.426785859170136,PZ,-2.574922561926879,-0.42615180298177763
-8.582290369179056,NA,-2.7851838753861724,PZ,0.5847542824385891,-0.21146604117901113
-4.762645496733985,NA,-1.6042788760911293,PZ,0.46391643132374843,-0.23689156557189212
-6.31828394570363,NA,-1.623720575881896,PZ,1.1268993692305285,-0.32966588281084896
-11.366370355968169,NA,-5.3584229888837935,PZ,1.173732425710527,-0.44671837993828006
-7.094062543880836,NA,-6.04133561424235,PZ,-3.0948114975294323,0.4625553408425769
-7.330288793532056,NA,-2.4884106905549364,PZ,-1.4528498664570852,-0.20600533720554137
-7.135431495323547,NA,-1.9573862663862394,PZ,-0.28589474869788734,0.6395583871874689
-5.968763900426098,NA,-2.7396888713288567,PZ,8.994556269468906e-4,-0.7176474854829427
-13.209784429594981,NA,-5.098673236401632,PZ,-1.750163412293005,0.3335426577869784
-7.110568178931244,NA,-2.768824423549694,PZ,-1.118281235437213,-0.5054399787602413
-5.202126412896984,NA,-1.8781302132128348,PZ,-1.3762229231539207,-0.01339102429072514
-4.062514489251825,NA,-1.7493685691848908,PZ,-0.09916894835706316,-0.7007490437946008
-10.360148600466687,NA,-2.6484139410852516,PZ,-0.9644236777981023,0.07772839353094607
-5.014894961764865,NA,-1.0391666243629794,PZ,-0.42113988322297113,-0.09191622267053101
-6.216333016272738,NA,-2.454051600546764,PZ,-0.0908539685760612,1.6431853322688874
-6.30674003796457,NA,-1.1129476357174828,PZ,-0.5318248091753074,-0.386266991681111
-8.862786111226436,NA,-2.234531864081902,PZ,0.9683648102801818,-0.21815043404525303
-7.502966302658994,NA,-2.296838770204292,PZ,0.684231686216267,-0.2800624303098392
-10.891810624459088,NA,-5.257356272449672,PZ,0.7524656400148595,-1.8909440407979214
-11.533831070134436,NA,-3.4767304400238785,PZ,0.34943098528429695,1.1354371695781222
-5.967469744947961,NA,-5.802187875794846,PZ,-0.770519787170582,-2.8897697741856576
-5.453062616994816,NA,-1.2160041108496302,PZ,-0.8220758720198155,-0.28784227175768745
-6.656918882833223,NA,-1.8011605976782024,PZ,-0.3895383629642565,-0.02722574374082154
-7.712077022818363,NA,-2.4628505435110695,PZ,1.451782908106882,0.5200279452524538
-8.025714000276968,NA,-1.453416457332708,PZ,-0.05608401321734352,-0.420133928066951
-7.841260206698319,NA,-4.147304769879962,PZ,1.8659007133680245,-1.440813330661661
-8.415734519250515,NA,-1.753504528083792,PZ,-0.5676326181177611,-0.35534726417709106
-6.1410881547643275,NA,-1.85291761247842,PZ,0.9220267731655644,0.5892334599188509
-7.780885128015855,NA,-2.701293912622018,PZ,0.9697718320975829,-1.4118369851874946
-9.631323090468554,NA,-3.3037602006472446,PZ,-1.645083488354294,0.011884124185992329
-6.876453444622334,NA,-1.7442199100527425,PZ,-0.7490006864575977,-0.2281529735369512
-10.488690500074568,NA,-4.6427435565078605,PZ,0.07491752083691305,-0.11125587653233149
-6.60874070837504,NA,-1.1177113130562606,PZ,0.11503274269315172,0.27713150617475435
-7.0146209236985735,NA,-4.498006907546199,PZ,-2.4328909728885173,-0.6450595174783533
-9.018618640348388,NA,-6.3499913070711145,PZ,-2.1936733942547266,1.7846591460364958
-6.182454496093185,NA,-4.047974501850916,PZ,-2.054921762910851,1.2047897224585564
-5.837416258133175,NA,-1.5520797080656603,PZ,-0.0030839532559845534,1.0435459057181744
-2.763625487861079,NA,-4.969271933008091,PZ,0.025951708453297,-1.8722078739058938
-4.823869670569303,NA,-1.69811884074482,PZ,0.08441841814595774,-1.1260925271436055
-7.711567862874109,NA,-3.4457351379436942,PZ,-0.8473918843940005,-0.7397264348949844
-6.199299488934056,NA,-1.5082468505601845,PZ,0.9297770869907133,-0.5704993101458833
-5.172150704202576,NA,-2.8055249907231627,PZ,-0.2115389571444759,0.7730815630757911
-5.646708472973808,NA,-4.473800919889598,PZ,-0.978057791834932,-0.30356387518641603
-10.264276598738093,NA,-4.606548703051442,PZ,1.3914367199074666,-0.9549677886067376
-8.544124475772545,NA,-4.344499034351521,PZ,1.784462500683664,-0.47294098190659023
-6.554798414779459,NA,-1.5871335430357902,PZ,0.04708103349238474,0.07302251720422726
-5.13105242008856,NA,-5.369396711883917,PZ,-2.407209892597534,0.8051653285554004
-9.332760567023533,NA,-2.5800536177360502,PZ,-0.08236579635888266,1.2086962286141554
-3.46872533439538,NA,-3.112179349755734,PZ,-0.14915225001921828,-0.3500373920113138
-9.292151312938365,NA,-2.1173681074160573,PZ,0.8631958150106124,-0.11917225455830102
-5.898924694823832,NA,-5.166280416389513,PZ,-1.431967265935477,-0.0014414079079987097
-10.929371604858819,NA,-4.0909884408483155,PZ,-0.12835163116274229,0.4097549251875523
-7.439954865047372,NA,-10.811135017531278,PZ,2.5138685749952323,-1.544268713701787
-3.413804720183056,NA,-2.5770863405912965,PZ,-0.6317061673454074,-0.9944785193827714
-8.98729534001545,NA,-3.740160764611977,PZ,1.905557663206368,0.47783628998963334
-5.194694831693461,NA,-1.4520479708856269,PZ,-0.8213172591462878,-0.7620692646511267
-6.7879102422506294,NA,-1.0985847252254461,PZ,-0.2350300737422436,-0.2866121282257333
-6.766035373231367,NA,-2.598482267951578,PZ,1.1246048606604222,-1.1667787527235505
-10.145554053207052,NA,-2.179579334115472,PZ,0.2074752104328541,0.09145338537629577
-5.025668098981564,NA,-2.087311485044506,PZ,0.8738959220411857,0.4044635343564825
-3.6618926092825803,NA,-2.6753308375041343,PZ,-0.6581531925470278,-0.24930326410811754
-7.747671732886442,NA,-2.4075107277651524,PZ,-0.7721260947730884,1.0970809285882277
-5.703362307902123,NA,-0.9964735558181453,PZ,0.2503554931852986,-0.48971097106180095
-4.00976728986035,NA,-2.4146744559063578,PZ,1.1409703738723853,-0.5613148010947777
-6.163859421236023,NA,-2.6960373711976287,PZ,-0.17661898375887036,0.6135337933906133
-8.225779864971479,NA,-5.088461145351516,PZ,-0.029679948867432013,2.6391375440098526
-6.308187959604285,NA,-5.246657004807223,PZ,1.9884278524119492,0.5745632048358926
-7.055207424448865,NA,-1.4602037785710602,PZ,0.5310870344290688,-0.30325551148709523
-3.466463977586007,NA,-3.0233603465134125,PZ,-0.24983071588099975,-1.5256940850316902
-5.524632075368686,NA,-2.3831243358566505,PZ,-1.5275860953965796,0.7019180089940356
-7.3137075722232066,NA,-1.8128281207250496,PZ,0.6220039339156919,-0.761076518592289
-8.379353383667615,NA,-3.082322253395164,PZ,-0.2913371514324028,-1.118138437989918
-9.450130285257888,NA,-3.756363881735355,PZ,0.46606827389595873,-0.7978534725280242
-12.95408816763634,NA,-3.8108304092503618,PZ,-0.8081751008828528,0.2275392769333192
-5.442002299407999,NA,-2.2008845735324187,PZ,-0.05088497181125207,1.4179532681349938
-9.884420149854575,NA,-2.1262802693490634,PZ,-0.29941958683538417,-0.49923182834675783
-5.094590866039969,NA,-2.3441216719899054,PZ,-0.7985625384096334,1.0885291804281083
-10.104983303559527,NA,-3.5758523137842286,PZ,0.9573123069904171,0.42248239524743925
-6.59407786608184,NA,-5.569965117820705,PZ,-1.467050837973426,-1.6357814630090681
-6.116689880321027,NA,-2.540979339915767,PZ,1.1676626452116652,0.8307761357536727
-7.219934687832322,NA,-1.7516467180498498,PZ,0.17042951858974895,1.0272152941690273
-5.969490590025113,NA,-2.668059694250101,PZ,1.5174537602114029,-0.7062863721435751
-6.8285921226527515,NA,-1.8244553985726608,PZ,-0.8887666867722164,-0.5407454212053807
-15.761092508112917,NA,-6.174947061650273,PZ,-0.949477898782069,-0.9934980164110144
-3.782179173210788,NA,-2.072671506113373,PZ,0.17466883887878815,-0.6238292963743133
-4.2257031935151455,NA,-2.286000868096681,PZ,-1.227485428962692,0.040104294818454345
-7.143195825629112,NA,-1.3200714650997236,PZ,-0.4355546830460605,0.34976847951747514
-6.791300188349597,NA,-3.950062860337084,PZ,1.451060572177804,1.5338391751545533
-6.466039622278522,NA,-2.7930980658708378,PZ,-1.137660085146175,-1.5008747534389013
-8.869745231345028,NA,-2.3408448602318597,PZ,0.012680750303719984,-0.7586903713074304
-5.289747056682735,NA,-3.2070126270692763,PZ,-0.7232712352444904,0.2608001162145194
-5.8346985385745045,NA,-1.230811455742381,PZ,0.38619076983315603,-0.06522099166687534
-8.933593502726403,NA,-2.257822422439317,PZ,0.9208734473436941,0.5537870091679241
-3.8678760409214856,NA,-4.4919915835056035,PZ,-0.25513802950442366,-2.2382599002865575
-9.456902306898808,NA,-3.294721390473377,PZ,0.017905147412772493,0.25174491615414496
-14.997548466160682,NA,-7.083663208637999,PZ,-0.3702697404768761,-0.6699728885273949
-7.591368909339675,NA,-1.8538488887558635,PZ,0.9952244398424983,0.5036093826156569
-3.9709745183471634,NA,-1.8617463734904502,PZ,0.22570562248528486,-0.6619767450419081
-4.808217118284996,NA,-2.359363981152747,PZ,-0.04538720910020934,-1.7433744055882203
-5.8777286189430535,NA,-2.623526292078173,PZ,1.5553130162321407,-0.40484546919659536
-5.6459980539379915,NA,-3.4720352984355,PZ,-0.6311074235113618,0.014391472122659538
-6.264999247488852,NA,-1.10416644289,PZ,-0.009157214769781069,-0.42340917466237105
-4.730421311571869,NA,-1.5628299736096585,PZ,-0.7748252269244724,0.4629359551621517
-9.847861976238004,NA,-2.3402054660548988,PZ,-0.2738941286488501,0.7918637821889833
-3.8512452780635216,NA,-3.468630121853753,PZ,-1.4284026437709123,-0.9215468074614386
-4.603239099579604,NA,-4.306175610069026,PZ,-1.9442442737898946,-0.7509873242882794
-5.313024849162945,NA,-1.400338357491519,PZ,-0.8965058665775664,0.3543912186436652
-5.617993865349924,NA,-1.6396561994313499,PZ,-0.040176559458603045,0.8858331044464608
-4.07873536848653,NA,-1.8362237263697192,PZ,0.7035994574543188,-0.28846023307094565
-8.955928181049021,NA,-5.129976655397693,PZ,-0.8387403320085829,2.3807210366071305
-8.17472491374843,NA,-3.6451848215595293,PZ,-1.0805172022872496,-0.19466516976673343
-13.172423461133972,NA,-3.541333628519989,PZ,-0.06948590337040046,-0.20839594865598282
-6.16782019119887,NA,-1.3162858971172093,PZ,-0.291676531125337,-0.8341334047879491
-7.353733548695744,NA,-2.8610156490605734,PZ,-1.1959842739980768,-1.377452412711271
-6.499287608098504,NA,-3.0958056353493886,PZ,0.7856055288878157,0.9157236464443625
-5.020332817436347,NA,-4.070097695666296,PZ,2.302586205468698,-0.32723086517632516
-8.283479809820117,NA,-3.9473572695987302,PZ,0.2293819778332531,-0.007276921229996514
-5.524632075368686,NA,-2.3831243358566505,PZ,-1.5275860953965796,0.7019180089940356
-8.741963458427808,NA,-2.885158177621281,PZ,1.29833362816961,-0.00392103444089642
-4.250278518119229,NA,-2.7427920712800606,PZ,0.14189018659589242,0.8609116673876419
-8.239707766337835,NA,-3.8513994110235013,PZ,-1.2299943352371683,-0.9115635618469036
-4.927633375618364,NA,-2.01265777347541,PZ,-0.1855337269587407,-0.9143089345952976
-6.256939163602459,NA,-2.538920874379129,PZ,-1.4788335972877076,0.682062827108082
-4.724948338597701,NA,-4.0597461525232985,PZ,2.0101116687896985,0.4100455568468556
-9.824653399655222,NA,-3.498550329007801,PZ,0.5300829063201815,-0.8105686104602057
-7.7288412370080835,NA,-2.0686488445366438,PZ,0.35103969845843097,0.2316902653846877
-4.988285079096123,NA,-4.179457041136456,PZ,-0.21322920325230166,0.7161820297488141
-6.079760472169269,NA,-2.479796657637523,PZ,-0.32977834645835125,1.5914390158320884
-7.694119923959626,NA,-2.088245986978655,PZ,0.6784455421621761,0.5391966960696025
-10.136895330103005,NA,-3.5379549714632788,PZ,-0.5261472954890294,1.4321534523041959
-6.27783381181275,NA,-2.3448809059843305,PZ,-0.22827822039071857,-0.2987380703510202
-7.783327077704066,NA,-2.2718049444141832,PZ,0.2887328684592715,-0.11611256068231995
-7.295609399729561,NA,-2.744876111122501,PZ,0.8252810431535463,-0.8631388954131267
-6.2104598843635275,NA,-1.9832896430566909,PZ,-1.065737078920003,0.6195611655760155
-6.363368353997334,NA,-3.891812403814398,PZ,0.8178785656299662,-0.934497829992663
-7.517139688793571,NA,-2.5656872470483414,PZ,0.9587727135654278,-0.8474506381919754
-15.708556771944963,NA,-9.087271892715979,PZ,1.3924718616243306,-0.7287612474700728
-5.518891266107686,NA,-2.2011043416752463,PZ,-0.4238296382901583,-1.6069955458922143
-7.82301996425205,NA,-6.002152277363135,PZ,-0.390490123509616,0.6131052386234611
-4.45786486734606,NA,-2.3667774267412134,PZ,0.04914364103607205,-0.20180770644549267
-6.880042810121208,NA,-2.2306743154433897,PZ,-0.8117758348880807,1.2436060061692222
-4.6201796886552335,NA,-1.6949597706440533,PZ,0.6010915674851863,-0.9550390240852046
-3.7178957892632942,NA,-2.490324736036814,PZ,0.9118960798640396,-0.42214509246298215
-5.442002299407999,NA,-2.2008845735324187,PZ,-0.05088497181125207,1.4179532681349938
-7.779175230296236,NA,-1.9092032330573636,PZ,-1.0482029418527152,0.24830241822278334
-5.9078270062463005,NA,-1.6828138237425598,PZ,-0.8047261439556075,0.5742592399794104
-3.0009725476519558,NA,-4.215086700782205,PZ,-1.1086317530992054,0.359010889965528
-4.719422769843346,NA,-3.69448644419471,PZ,-0.5415932106934478,-1.6007580416566882
-5.786143664153629,NA,-4.1574289046695485,PZ,-1.0817895519441985,-1.6300694512434475
-5.823618666678736,NA,-2.05109067335631,PZ,-0.7622299172343492,0.026948217294421206
-5.025668098981564,NA,-2.087311485044506,PZ,0.8738959220411857,0.4044635343564825
-5.749691610287824,NA,-5.383064551100447,PZ,-2.6954838795656313,0.26565462465289114
-7.945421811895014,NA,-1.6048077442885318,PZ,-0.5036718119036392,-0.3873266507262646
-6.7701950816679854,NA,-2.9537017330398916,PZ,-1.406411421330806,1.2417380316081779
-8.84083666633966,NA,-2.9577031784920913,PZ,0.7520369961376124,1.118176010253543
-6.4259828725525985,NA,-1.5778366062620877,PZ,0.3987967401931727,-0.024517471004777858
-6.160668543649173,NA,-3.5929816764709397,PZ,-1.9286661803590055,-0.43522372914073426
-10.802495784003536,NA,-3.0448654500409624,PZ,0.08339374400901611,0.5085428842789641
-8.325821165953279,NA,-4.50763332794166,PZ,1.984244717383951,-0.38513779166424644
-6.43123163220652,NA,-2.007756427100214,PZ,-1.3948992497282005,0.4441716586403336
-7.326940830891749,NA,-5.461812970151424,PZ,1.803244188028224,2.0107115655264485
-5.212043068830336,NA,-1.2347820174727329,PZ,0.12177447096494098,-0.7701359290520018
-6.357328472291593,NA,-1.2601386759416786,PZ,0.229958624862658,0.6987407846022405
-4.476126795692307,NA,-1.7111711717715818,PZ,0.2688845494033911,-0.40059630068396457
-3.4736211020230408,NA,-2.9116263599703256,PZ,-0.9034731498124705,0.41095290739588153
-5.325043609715092,NA,-7.321104884430517,PZ,0.4446040134839772,2.8153176532500646
-7.238490613126844,NA,-1.9882519204543867,PZ,0.34513322014708014,1.1940681308407606
-5.663887669301944,NA,-2.553117581252965,PZ,0.4395280671043781,-1.597258786644903
-7.893203251200903,NA,-5.227030541930591,PZ,1.898433411963667,-1.788246861188046
-10.177280285389582,NA,-7.4588069424312,PZ,0.8445116061273493,-2.58473515041866
-8.330711318179864,NA,-3.538687107159273,PZ,0.6477407447013556,-1.9410335616656573
-8.151977999919595,NA,-4.29470767173026,PZ,1.4932734145921394,-1.8295051650810747
-6.758734884370907,NA,-3.3276738325606243,PZ,-0.12301033519619675,-0.45530350533135733
-6.1673038730096605,NA,-1.6643894076322656,PZ,1.0216442189657853,0.4401380083895582
-6.466741198092381,NA,-1.1127783234128057,PZ,0.5579791344039335,0.06652699755948488
-4.129263331480659,NA,-4.341620057939146,PZ,-2.093931038639774,-0.7304704002368418
-7.097020599013734,NA,-3.1401049587684775,PZ,-1.8685680677771592,0.07161628106170759
-7.646400790576958,NA,-5.966391200281516,PZ,2.2847783218967566,-1.7153430969735461
-4.8384597175221264,NA,-3.052771071389616,PZ,-0.9184117503790876,1.420528466663865
-4.8310760175250165,NA,-1.171877185183519,PZ,-0.4875336993010204,0.09937371166014958
-5.048563968840629,NA,-2.398090406139814,PZ,0.404657859455098,1.2858488424029597
-7.588015361494033,NA,-1.3026980675173694,PZ,0.28508695023167857,-0.11539352049115098
-8.425939286369715,NA,-2.3818236787212386,PZ,0.9021101394867259,-0.9736728102514549
-4.730242136600323,NA,-3.2691363739816026,PZ,-1.6589458823998118,1.130334596980465
-4.326857918899739,NA,-3.2487248299695564,PZ,-1.5697341337296993,-1.3358170039406772
-4.944446180812751,NA,-1.1206134618030321,PZ,0.3868220385442317,-0.26458999094528723
-10.043252683178645,NA,-2.379808877174568,PZ,-0.1739403654874201,0.7321641251706339
-7.328017958295152,NA,-1.25298255431302,PZ,-0.3645350694034357,-0.26490343040232744
-7.527085051687433,NA,-2.5767275975100383,PZ,1.4172789615815602,0.8223119651107127
-11.297049992405613,NA,-3.3793124103433603,PZ,-0.979142917056147,0.3254842720620331
-2.783217094675494,NA,-3.8682356012041463,PZ,0.008501753575701487,-0.5657681521210272
-4.941052351668019,NA,-1.3240024328739992,PZ,0.24147050162893538,0.5488284263388727
-7.869005690831785,NA,-1.708912818027041,PZ,0.19135966472200305,0.560087312712303
-6.035397405867781,NA,-4.5618702582626955,PZ,-2.465117922103539,0.8238150041262957
-7.647980801369708,NA,-1.8131025165232773,PZ,0.7705427508804592,-0.7535281155944547
-6.137449000069541,NA,-1.2796248839680322,PZ,-0.7506236745876497,0.4255497601709677
-5.017437509093602,NA,-1.0254484306335334,PZ,0.0882144129538501,-0.0761076391554868
-9.27865956616746,NA,-2.212965568565265,PZ,0.4074510187748349,0.8681610553278083
-6.930002587092709,NA,-5.62820760942211,PZ,-0.2939810880523466,2.3326657904085675
-7.422668733680948,NA,-4.117320818778152,PZ,2.351431378315743,0.4070130522375289
-8.450060509088354,NA,-4.159842499604287,PZ,2.033285151948716,-1.024486905789249
-6.5732606617166,NA,-1.8510161561474736,PZ,0.5717515572466892,-1.0724126375393748
-9.486644329939246,NA,-6.532767990233621,PZ,1.9530112500117203,-2.0925381937411593
-5.186648610144569,NA,-1.574060705879864,PZ,0.2377825405215256,-0.5587919015629057
-7.138115496133168,NA,-1.4672228793671624,PZ,-0.648500506994153,0.5306474974575206
-5.9249039835438015,NA,-2.333940868041452,PZ,-0.10120965147517824,0.7336878793685062
-3.5124315148610745,NA,-3.1904062689533497,PZ,0.9412362840711199,0.046647947326533545
-4.222775450931151,NA,-7.8344689436428325,PZ,-0.9908991338604906,-3.5648692900106798
-6.916836222167778,NA,-1.8416916418305098,PZ,-1.2351761522130276,0.1138377215275117
-3.5151204436366217,NA,-3.167992419213754,PZ,-1.3013940807773121,-1.0461756671856794
-3.378337250837749,NA,-2.8713436687915426,PZ,0.6154023634156458,-1.0426339180464692
-8.050382711795814,NA,-1.5396197925676909,PZ,-0.02297489334197811,0.24126260964615925
-8.260951293221199,NA,-3.8106184360304836,PZ,0.8872422516918165,-1.3758996919285897
-3.7009661591699303,NA,-2.33096072805482,PZ,0.2828996860606692,0.14784238435518704
-8.930340501597506,NA,-2.5819219009303205,PZ,0.2602808483185237,-0.9272495539863003
-7.07560979598823,NA,-2.1801154513443173,PZ,1.1391753772074722,0.8165041359965017
-6.948554831077522,NA,-3.5836032919225884,PZ,0.9666684785492898,-1.9992784744533967
-9.297939675801008,NA,-5.604121686366094,PZ,0.5353682552602655,2.463821051119608
-10.6014936605091,NA,-3.519000735449149,PZ,-0.03919196202528358,1.5647097856567012
-6.904803906487597,NA,-2.510256072806149,PZ,0.8295764608494026,-1.5216561600292886
-6.820046698474636,NA,-1.5739020655039093,PZ,-0.7926002269351548,0.4719807391124021
-5.53184114770443,NA,-2.6116255106809585,PZ,0.8141329931577179,-0.7628805129186096
-6.742683965413851,NA,-3.256066125038953,PZ,1.7480978564657124,-0.8682504905905903
-7.106024280266953,NA,-1.783137106662759,PZ,0.6449074342086648,-0.8561536624393744
-5.570181338189219,NA,-3.226704685731799,PZ,0.2457557480993382,0.7461267630655354
-7.190055303224295,NA,-1.535082626203859,PZ,0.8875530483302,0.008432275865281169
-11.731703348787224,NA,-5.315443244668316,PZ,-0.9157898215771221,1.5927362112618122
-5.380243439350708,NA,-1.9239098978932263,PZ,0.8131771206000136,-0.2484311507058297
-6.338267338235397,NA,-2.896596794107552,PZ,1.4432959551311737,-0.9144919548506907
-6.441468726825146,NA,-1.5060909316179756,PZ,0.9515137226260244,0.358314083769097
-5.3959304145126845,NA,-2.7187121519848554,PZ,-1.0011340662957393,-0.1314263058551151
-8.015186301676751,NA,-1.6122472841191002,PZ,0.3738003004657021,-0.68919342501875
-4.077080454925177,NA,-2.4745897061794357,PZ,0.8149323852234663,-1.2837183638264045
-3.3602599635744244,NA,-5.158160658640133,PZ,1.2446721166364996,-0.578907126410289
-5.392744899606148,NA,-2.654708340090599,PZ,1.192542060127213,0.5210357889039765
-7.382688205454149,NA,-1.5784074064679119,PZ,0.4691260502218015,-0.7266120787299047
-5.595039749684869,NA,-2.7721680895387193,PZ,1.5210697851271753,-0.7772294961143413
-9.037269056623705,NA,-1.9016515322042993,PZ,-0.701156909412534,0.16083742904765763
-5.593384700373979,NA,-4.907086282996594,PZ,2.549794486338253,-0.4101604361510238
-5.887701809431354,NA,-1.461482572557252,PZ,-0.8275240139780554,-0.6435441608803248
-6.559276101430725,NA,-5.807328525189606,PZ,-2.7409608802488474,0.7419283024706828
-9.634771805378856,NA,-2.4825187044860915,PZ,-0.37119407329131937,-1.0502395142815422
-8.034571106706137,NA,-4.097863863143308,PZ,-0.6180047596241927,0.7930712982451273
-7.294839647129786,NA,-1.4549629937572577,PZ,-0.6445730858359312,-0.06356925946637212
-7.959810891033234,NA,-6.0168357539007715,PZ,-1.7044579150548849,-2.1776839372556402
-4.1839699838149595,NA,-2.55460512483828,PZ,0.41606899678172427,-1.6710738655588266
-5.4133250683874135,NA,-4.8108037173314395,PZ,2.275135987127469,-1.36703224463971
-4.892837954703005,NA,-1.6236202281365777,PZ,0.7303351710328319,-0.9622061048306794
-15.219141632388805,NA,-4.685606610517782,PZ,-0.2851385257721557,-0.15456931868517604
-8.015108581447523,NA,-2.1815426200710832,PZ,1.021316068352268,-0.7780507431964792
-9.230772183679433,NA,-4.814309929358544,PZ,-0.01170058862379722,1.256494684166649
-5.692255369952274,NA,-1.6016235490043718,PZ,-0.7934907082510848,0.6630096685504401
-6.948883543070967,NA,-1.496595144900208,PZ,0.460360981315757,0.19649365396277912
-4.348517886861295,NA,-2.580787374470109,PZ,1.2476179589714256,-0.6101676979149655
-5.493116982322504,NA,-1.149515778600536,PZ,0.2913906135144475,-0.30652139515889976
-9.420023691622433,NA,-2.447537633997554,PZ,0.9812909879789804,0.5369032076281153
-6.899268275504076,NA,-1.8535666901595058,PZ,-0.6157441796764912,1.063338450812195
-6.83779397463506,NA,-2.2111872068059752,PZ,-0.08593374661193869,-0.20543730335457455
-6.734960055711354,NA,-1.880908816359444,PZ,1.0231692929054836,-0.26611412800572865
-3.9510793343672472,NA,-2.5883146718204553,PZ,0.3391597681152219,0.12870519521450252
-4.97665063619888,NA,-3.6033000598892966,PZ,0.2897267984769628,1.4779293560835813
-8.513548305284672,NA,-1.801384317693797,PZ,-0.11108382547117257,-0.818661267264618
-6.683591990964889,NA,-2.1676481775455154,PZ,1.2108035800537973,0.8163183401015849
-6.818137910105587,NA,-1.2710731512065396,PZ,0.38433886662058303,-0.6214307843443057
-9.758408044943966,NA,-3.039997077132147,PZ,-1.1479977025916908,-0.9111285679376793
-4.345489260640258,NA,-1.9143835875786803,PZ,-1.0502631318366582,-0.8287487315999529
-5.986148010938334,NA,-2.6706859015266997,PZ,-1.1941390158644132,-0.16099766785287514
-3.92843328123016,NA,-2.1210529686783217,PZ,0.21296722297663973,0.4975483040412257
-5.823323797876691,NA,-2.3380872749044648,PZ,1.3787303411589775,0.19018273508101147
-6.460282561649802,NA,-1.5521205096791966,PZ,-0.5801518408448167,0.5900927895343298
-4.042248046288808,NA,-2.4302468526194634,PZ,-0.5010922343113491,0.2982774262785002
-6.648560822808584,NA,-1.3318757666933256,PZ,0.8315794739173934,-0.013175218965319369
-7.202866592988968,NA,-2.022045184533132,PZ,-0.24348340608677865,0.1905814202705255
-8.564861478504422,NA,-1.6442481648402616,PZ,0.21981902263763203,-0.36050215324741175
-4.131213355077991,NA,-2.8952167713555133,PZ,1.4624952829793187,-0.6879453518101395
-4.172795212640136,NA,-1.3454262820677154,PZ,-0.05347232618365727,-0.3264435766734141
-4.987717612937921,NA,-2.05485805575612,PZ,-1.2977953825571176,0.19736520621911313
-4.6871410050443725,NA,-1.0683580784623796,PZ,0.09171885542033828,-0.18214725535688964
-6.850841891470282,NA,-2.533939282716084,PZ,-1.3193945855899787,1.1159810227738574
-7.353707994277444,NA,-2.0466415136978098,PZ,0.4612769839516493,-0.8236502981730263
-6.129438776499663,NA,-3.2909466014343947,PZ,0.31190555669131365,-0.30931876972136174
-7.534480097303639,NA,-3.9634769168043014,PZ,-1.6004322535179756,-1.6353529258908366
-4.8536193537909424,NA,-2.4462855452250496,PZ,1.3028389223173815,-0.49336393435812226
-7.362483456861313,NA,-2.4290365206154374,PZ,-0.8508334713661635,-1.2645456923385132
-6.020963935023818,NA,-1.343282966497169,PZ,0.3171126405829857,0.025040245148435503
-4.500802446785471,NA,-3.0405730433565763,PZ,-0.4570056735835073,-1.1769535347476678
-8.158318464073337,NA,-3.954137556219926,PZ,-1.2513695265395821,-1.3012596249126398
-7.113223244763813,NA,-2.547890398750926,PZ,1.2747612129808759,-0.21900976774809733
-8.993132806979236,NA,-2.4650550002242904,PZ,0.6338464135889144,-0.4869668792710374
-9.175145937431532,NA,-8.245886258957896,PZ,-0.9627564877465032,-3.353754771096693
-12.76344070689393,NA,-3.9734577290660202,PZ,1.1204958152520208,-0.2520522836039707
-6.4241830651896565,NA,-3.280066746605004,PZ,-0.7845395975600732,-2.0361493681121874
-4.617303300498705,NA,-2.100049216759904,PZ,0.6450980590784996,0.7070462025245277
-5.240821656057427,NA,-4.368162200599181,PZ,-0.15954279564807472,0.27792581999519733
-8.551022849869279,NA,-3.3136783180432148,PZ,-1.1188021629618206,-1.2841588440973042
-6.637800906477794,NA,-1.2400802473448131,PZ,-0.2937389465225425,0.49871401293615125
-4.042248046288808,NA,-2.4302468526194634,PZ,-0.5010922343113491,0.2982774262785002
-10.142031697802734,NA,-2.819164066047204,PZ,0.864178183388333,-0.5923826173830657
-5.9043373425282635,NA,-1.9745192604273376,PZ,1.2801505909498456,-0.5336357468320767
-5.473805809558086,NA,-1.9840983067660023,PZ,-0.12127240603066469,-1.0958040445241815
-8.075441665168107,NA,-3.3722674664498937,PZ,1.342408712921283,-1.4395234498901077
-5.133865024942418,NA,-2.695379739307228,PZ,0.4973100378612657,-1.8124941720000627
-5.581964821126772,NA,-2.3448083009839906,PZ,-1.3626171998212868,0.9268351677849895
-5.322509053060009,NA,-2.727682073707714,PZ,1.086143806121276,0.12228132957107185
-11.574814892633654,NA,-3.157879272590712,PZ,0.6275976918889736,0.5530265613419184
-5.043399188290698,NA,-1.1602279495672891,PZ,-0.21647516375303932,0.4993441592693667
-7.473290919984637,NA,-2.6756861345438447,PZ,1.0756845531732242,-0.7100113924933594
-6.006270090519513,NA,-1.6908411003293928,PZ,-1.1214936957263695,0.518063941594993
-4.66573270727536,NA,-2.9581555659446384,PZ,-1.9460157621789214,-0.5499983219043406
-5.3959304145126845,NA,-2.7187121519848554,PZ,-1.0011340662957393,-0.1314263058551151
-10.249957913359928,NA,-2.889808670099913,PZ,0.9660688205830228,0.4312367126377151
-10.406471797108827,NA,-3.5097384696438594,PZ,1.114231180264244,-1.1272779911533006
-6.07103094621648,NA,-4.357268859429537,PZ,1.4853283655596945,-1.4009146132762929
-13.175182147067535,NA,-5.990681751339665,PZ,-1.9775956267938497,0.9113175649354567
-8.85937225598026,NA,-3.342397548773119,PZ,1.4240394710689421,-0.814475402402356
-10.588093540925716,NA,-4.305891329783343,PZ,0.2498517988087831,-1.7833169906092898
-5.447093800512689,NA,-2.8343199029754587,PZ,-0.7667998263790226,-1.496003921066706
-3.4736211020230408,NA,-2.9116263599703256,PZ,-0.9034731498124705,0.41095290739588153
-6.521908665962476,NA,-1.6988514767579574,PZ,0.3846710636245181,-0.7204288428952854
-6.012272529743581,NA,-2.7845086813609585,PZ,0.112551062576144,-1.317578861939206
-4.115045589705282,NA,-2.137423883775064,PZ,-0.5330580885437612,0.7331037115951771
-3.4441140149429765,NA,-2.6188233533897916,PZ,-0.44324895999554137,-0.6821298690061457
-5.33838772210499,NA,-1.8677077243471276,PZ,0.11797757831462341,1.1168806546520331
-5.505075552143474,NA,-1.1194536503027899,PZ,0.25701132965960416,-0.2815991999776635
-9.694966191465532,NA,-5.151147823817202,PZ,1.8286789640291745,-0.3069488802587285
-3.786141022970979,NA,-3.4141892611340614,PZ,0.589872264943662,-1.6172200200568323
-7.637094134809153,NA,-1.954044345753051,PZ,0.99562939224245,0.27757680576129795
-5.325043609715092,NA,-7.321104884430517,PZ,0.4446040134839772,2.8153176532500646
-6.990829173042879,NA,-1.3503918350839161,PZ,-0.591086963791716,0.443211583811938
-3.104055085494201,NA,-2.9281671306419015,PZ,-0.24772712554923082,-1.0060037279492522
-5.53184114770443,NA,-2.6116255106809585,PZ,0.8141329931577179,-0.7628805129186096
-10.064388787920164,NA,-3.363169673835203,PZ,-1.0198602073954548,-1.245592925553406
-5.2346968214914424,NA,-1.3030562090238698,PZ,-0.10942681805040588,-0.8234770748719236
-7.873972224448716,NA,-3.309975684605708,PZ,0.8727500044108044,-1.7858462688749341
-5.874987182852463,NA,-2.7371779384719575,PZ,-1.4666163538921744,0.9717030254069647
-9.27368543936196,NA,-1.927292979665248,PZ,0.20771081765691157,0.4035345310104745
-7.319050564453426,NA,-1.3341694008218417,PZ,0.5157103549761494,-0.40453074567475233
-5.844923082999164,NA,-3.281317004296062,PZ,-1.3404549533385421,-1.4452279755117186
-6.023481314691978,NA,-2.0422447138488136,PZ,0.5493010005321917,0.1422941681396422
-10.445901416225322,NA,-6.546328788100061,PZ,0.39593077372565755,2.8962931477452614
-6.165188035773372,NA,-2.9305816227935315,PZ,-1.5001236044571369,0.735175572190427
-7.78355416619526,NA,-1.5330696241148305,PZ,0.19280071954418132,0.2731424131117338
-5.332909187515066,NA,-1.5620880335347629,PZ,-0.2951814710718017,0.4340874855491199
-5.865878258907553,NA,-4.829579543176766,PZ,2.3405872368297236,0.17811643457568252
-5.671614611775409,NA,-1.536555378963759,PZ,0.6865387802865545,-0.513264086106227
-8.399791368992789,NA,-1.7856290678842042,PZ,0.7756871660386864,-0.24494584668405156
-17.253597788367824,NA,-6.412975858562046,PZ,-0.7786880994364748,0.4970406101629612
-4.326857918899739,NA,-3.2487248299695564,PZ,-1.5697341337296993,-1.3358170039406772
-5.460667907259873,NA,-3.8974981751463234,PZ,-1.3735843556622025,1.8600928856764303
-7.0987158549017835,NA,-2.2664771834182655,PZ,-0.8917464933242795,1.1743571142898013
-5.354302846327236,NA,-3.2455905915366006,PZ,1.3386284538081066,-1.7353659662711198
-7.248634937922361,NA,-2.5791947035878566,PZ,-0.28517770572133183,0.6608354294314958
-9.392883705562365,NA,-2.785071311993258,PZ,-0.4060691203003852,0.553650834141827
-5.975209501334494,NA,-3.6099744061139813,PZ,1.380645176795538,-1.8314069381458595
-9.356723139702067,NA,-2.560277845673345,PZ,-0.05767097610734684,1.0497105601852363
-4.948837709753748,NA,-1.8090090252891036,PZ,0.26488061623079706,-1.229115573554643
-7.131174314812031,NA,-3.1760760429673196,PZ,2.0183768900587062,0.028431977454621865
-8.336113295467293,NA,-1.9819992650957012,PZ,-0.21266301272831042,0.1194904656495091
-5.593384700373979,NA,-4.907086282996594,PZ,2.549794486338253,-0.4101604361510238
-7.31279078289136,NA,-5.208299396201678,PZ,0.7549622408103926,1.6362654519525606
-9.311794851539798,NA,-5.177224374195344,PZ,-1.2256807921136386,1.9975627994952854
-6.542437494174012,NA,-1.48788076473491,PZ,0.3312653059792435,0.24925771344687425
-4.88076686395529,NA,-5.87038050710216,PZ,1.2254333234495751,-2.131874877375202
-13.95205531265665,NA,-4.758587166732353,PZ,-0.692067480042557,0.6690180509014927
-7.383986484858268,NA,-1.6929508328799365,PZ,-0.21213953409862638,0.342488591076751
-8.273445856419151,NA,-2.238257436410133,PZ,-0.39471068438290213,-1.2245190061530116
-4.28985887697934,NA,-2.8276346527124425,PZ,0.922700074445804,0.7899279620199562
-6.845236693417955,NA,-5.734609234488202,PZ,-1.8673024492072088,1.9607202112008255
-8.140506620213824,NA,-6.088168426133703,PZ,2.930347058053887,0.43889298093902007
-6.140200881551769,NA,-2.0073820365317605,PZ,0.7188816328134899,0.975540843931829
-8.776381048407842,NA,-3.811430773669343,PZ,-1.9713030930594764,0.49173937186744543
-5.827456964663766,NA,-2.9982675309815665,PZ,-0.6279338590619162,-1.952288087029679
-13.15111344403644,NA,-5.191233875747799,PZ,-1.6475178408802305,-0.28786792617160917
-9.255205401362346,NA,-1.8738654600078886,PZ,0.4683871312620004,0.2491478225027146
-7.338734567647004,NA,-3.1380925339927024,PZ,-0.28909226851380054,1.926324704704799
-8.467446347633796,NA,-2.298671852668329,PZ,-1.023492019554884,-0.7567502796236101
-6.843644920134224,NA,-3.4887953821143665,PZ,1.376602180922538,0.2790437984881167
-4.494576467808735,NA,-1.5711623116061249,PZ,-0.365392330108326,-0.26624374266143486
-6.589570190872259,NA,-1.0338180872241052,PZ,0.0167477395802636,0.17767607175895384
-9.865878253034172,NA,-4.776085396914661,PZ,-0.4029537006700322,-2.2462275380575454
-7.840920138740797,NA,-3.365573750648914,PZ,1.8481419207271554,0.8051688992935797
-8.8173567659834,NA,-2.3065471458810167,PZ,0.8186124106128567,-0.8511263618921653
-5.374382697150393,NA,-1.009463349639028,PZ,0.0033767468341630025,-0.5682960924581679
-6.87480556589321,NA,-1.7181406424546948,PZ,-0.12521172188719384,-0.5208642113140954
-5.5243610805144625,NA,-2.4887432346941254,PZ,-1.7108301294471568,0.27806827047420024
-5.243924324891262,NA,-1.7065450898600008,PZ,1.1122514063116409,0.11139755770464954
-4.5451374719831374,NA,-5.723795539673695,PZ,0.8209115449731132,-2.0761268915200692
-5.946478887583655,NA,-2.6495720603836337,PZ,1.292347807645999,-0.8260206199679909
-5.212043068830336,NA,-1.2347820174727329,PZ,0.12177447096494098,-0.7701359290520018
-6.271238467991228,NA,-1.1954693103554508,PZ,-0.06407588953410981,-0.4821530141688972
-8.054387397345646,NA,-2.981722498119726,PZ,-1.3816584860806158,0.9386659481973497
-6.373263730398035,NA,-3.6886952245833724,PZ,1.3955371358680377,-1.8902400732768483
-9.805566303895874,NA,-3.991634882455946,PZ,-1.0123208038775462,1.7329918452105477
-6.229645442889297,NA,-2.6720459680828172,PZ,-1.7332732683636973,-0.6928394590335272
-7.3377782620394045,NA,-2.073043204207981,PZ,-0.5658651262336012,1.1601134797583201
-10.125168163009791,NA,-3.7751025848695523,PZ,0.6376237329969521,1.6857598236054316
-5.569811304145135,NA,-1.343416685391436,PZ,-0.3170373587310207,-0.9023138415874047
-4.853139422835823,NA,-4.930630766195414,PZ,0.4566218546201435,-2.826577448521459
-7.0054395485274465,NA,-1.260349753874537,PZ,0.5619851156410981,-0.3517756916291339
-12.124738793858535,NA,-3.7810828236208924,PZ,0.6945578451108316,1.0712505269147767
-7.06985742573956,NA,-2.0740674312445604,PZ,-0.9776179064418782,0.6498768276325512
-5.501449456674816,NA,-2.7664507653117965,PZ,-1.6259389958324635,0.9503057990045318
-6.146627880252917,NA,-3.8971437674556366,PZ,-2.445498189149186,-0.10946561370716301
-6.580481538195151,NA,-3.169869650104636,PZ,1.753681810343542,0.9492539231682546
-8.671243916021773,NA,-1.9956294946548512,PZ,-0.803982533848707,-0.0818311000976939
-7.486021437712243,NA,-4.104049644500302,PZ,-1.2126008066798326,-2.0854229195805627
-6.1767624983543685,NA,-3.2008605107463244,PZ,1.9272703353644718,0.00512265801316153
-3.893645318379975,NA,-1.8149647413147196,PZ,-0.2175206115714381,0.11674133378277474
-5.417235092752959,NA,-2.706929890297908,PZ,-0.023426172102709142,-1.8393961971573036
-9.306113593691899,NA,-2.4008886305265107,PZ,0.48967147909634845,0.6423611432214691
-9.007592103123747,NA,-2.796807467238429,PZ,0.07276285865125676,1.0395516544709535
-4.9593085410624855,NA,-1.920095489428885,PZ,-0.12358501045786974,1.0393168479912915
-5.573491010925505,NA,-2.505795528872099,PZ,1.540656508360941,-0.7823140497719461
-7.274156315100557,NA,-1.8224880437608535,PZ,0.03536247512124033,-0.2906594115400323
-7.104632634804647,NA,-3.9978678407822974,PZ,0.6649037392981749,2.1854598107831285
-5.691848635090908,NA,-4.502287570366297,PZ,0.7541125823476007,-2.6078058984122556
-4.758287100776357,NA,-2.184430200136819,PZ,-1.0289824440230497,-0.8777521487820403
-8.529292831253288,NA,-3.5653181454526766,PZ,-0.9356192952714083,-1.2030924441445108
-4.739669360200713,NA,-2.1571027165292933,PZ,-0.5152283577788112,-1.5263908086385747
-5.118641425109046,NA,-1.7869307756641002,PZ,0.7000008668705725,-0.654202126870767
-6.848951056778365,NA,-3.712653556600434,PZ,1.4233844970031264,-1.5373511793283567
-4.113622612098087,NA,-1.6941544478294306,PZ,-0.06708338308702189,-0.6515522525746972
-7.486208591706639,NA,-1.3024200704688937,PZ,-0.22285599646624024,0.39278976688145373
-5.946478887583655,NA,-2.6495720603836337,PZ,1.292347807645999,-0.8260206199679909
-6.678766854355869,NA,-4.0494581814168,PZ,-1.1061928368950333,0.12751736450672785
-5.957990601153043,NA,-2.58796649676397,PZ,-1.537501444400045,0.7988825394346045
-6.184252444942728,NA,-2.6574031832313296,PZ,-0.31999453617231693,-1.2371790051020408
-14.444395881693689,NA,-5.82011982838403,PZ,0.10614053254322764,0.6468192409229466
-9.683820954188715,NA,-2.4972640081557844,PZ,-0.8295147517146763,-0.653795816163845
-8.261950562318868,NA,-2.369120645688878,PZ,-0.3815145667904484,1.2722047244778583
-6.944153505846238,NA,-2.6661936513380304,PZ,-0.7916480968857191,1.5874339729299476
-7.970932564620173,NA,-3.3177523424073136,PZ,-0.3419043417072321,1.960789716293626
-8.07327509957146,NA,-2.789814053765361,PZ,-0.9289204998203812,0.9707937498156434
-7.96960264620047,NA,-2.744845902283041,PZ,-1.529241538450381,0.7266018967958167
-11.62131862786663,NA,-5.245799454024088,PZ,1.6110805149516922,-0.7820648445841731
-7.985549233465612,NA,-2.9660081137723218,PZ,1.8105536922872603,-0.15825805861782505
-9.935779281486823,NA,-3.1573310408774864,PZ,0.39235551906491506,-1.4307136100194866
-7.674897183214851,NA,-2.703709800671668,PZ,-0.008333625850933002,-1.7341239742016967
-15.503960916032865,NA,-6.006046710374412,PZ,0.12998440221411312,-0.7675292865825938
-6.385195201976974,NA,-3.9019098722559233,PZ,2.3603856291867737,0.10839704284253238
-8.329228253924974,NA,-2.6289764684466883,PZ,-0.007707126459546854,-0.7272802412130787
-4.51210786033309,NA,-4.466723251867842,PZ,1.3247112160146448,-1.7501278365296473
-9.695116160644885,NA,-5.788832664442143,PZ,1.9950837818074487,1.0180353909993047
-9.422738710122982,NA,-3.490424535377424,PZ,-1.6477688114423286,0.39336729334434106
-7.432182103183836,NA,-2.6687407480741605,PZ,1.3832848658198018,0.3656667700342856
-7.475643027654262,NA,-1.2491212400200098,PZ,0.1227261094978852,0.19819515917392716
-11.496529591305581,NA,-6.828452109682388,PZ,1.7076953393107508,1.6681671273084642
-11.749892955793637,NA,-7.723751824134152,PZ,2.6943925729830727,-0.09613654381657077
-5.341001419691619,NA,-1.0858817413484108,PZ,0.12234172979463753,0.15292863380738453
-10.241501120326543,NA,-4.124871960477199,PZ,1.3076320152300906,1.5245178422441448
-6.748040671986555,NA,-3.2551986547680216,PZ,1.4295133569766383,-0.9060018953478887
-7.213571436806625,NA,-2.5036444044678947,PZ,-0.02468267157705681,-1.1024813509327045
-9.744978244691795,NA,-2.144084553319674,PZ,-0.5803330458037393,-0.38146408956902844
-9.243972898934514,NA,-3.6759100124913315,PZ,-1.158866662213249,1.5664407099875755
-6.260946473165771,NA,-1.6083050538311565,PZ,-0.5045701642008424,-0.7926995090983362
-8.370600336450657,NA,-1.9338298307518014,PZ,0.31154654866485965,0.6992541340383587
-6.577996304948058,NA,-2.0997814631054115,PZ,-0.716817285830327,1.244367874727861
-9.022715020922384,NA,-2.9630214671830317,PZ,1.33476277827869,-0.46379437305953763
-17.041622611503197,NA,-6.929229806935066,PZ,-0.6148785666770292,0.737458085498548
-5.573491010925505,NA,-2.505795528872099,PZ,1.540656508360941,-0.7823140497719461
-9.434519310400933,NA,-2.770165356758075,PZ,-0.0393524980374631,1.3399620617862913
-4.8536193537909424,NA,-2.4462855452250496,PZ,1.3028389223173815,-0.49336393435812226
-7.329841692436802,NA,-1.4013595782415704,PZ,-0.6058233198991296,0.3901210094253803
-6.202795864621277,NA,-3.3553858802389875,PZ,-0.34447741080309935,-1.5455118322105863
-7.324028722596516,NA,-3.050973990349519,PZ,0.4400671815383859,-1.9172091991959754
-4.859232403006608,NA,-3.3314360748395826,PZ,-0.04636344261216857,-0.5958873650046009
-8.843392644880145,NA,-1.759803861797976,PZ,0.5435239637405942,-0.2654068131140196
-10.019687808580976,NA,-3.3164475452109348,PZ,0.9470389931282654,-0.19121464972658275
-8.163734829588693,NA,-2.5671151672220196,PZ,-0.5227434899998876,1.1160786012610897
-10.885012132148889,NA,-5.992240903230772,PZ,-0.011521007709901054,1.9403539687202058
-7.600131685624075,NA,-2.174902722726449,PZ,-0.28321039393272185,-0.3651029781238493
-6.698727051093365,NA,-2.4036606229599764,PZ,0.5995965963326512,-1.5873061958444663
-4.498807433760839,NA,-1.9651612331626318,PZ,-0.5132052911776058,-0.11501101897766208
-4.734802191817333,NA,-2.8524816006420135,PZ,-0.41328497358106514,0.7453592142585738
-6.581799947667148,NA,-1.1194617533923186,PZ,-0.2700855169672187,-0.47353540696540364
-5.5471985627221985,NA,-2.215899717740586,PZ,-0.06710629304271509,0.3732600917346788
-7.152443230410022,NA,-1.6236588085860286,PZ,-0.0038147155776067088,0.37681088825000497
-6.979887800981603,NA,-3.158434634012422,PZ,1.3175949769233894,-1.5134447805115552
-5.950946333849857,NA,-5.445469976604314,PZ,-0.715407806655757,-1.5123855521724885
-5.212043068830336,NA,-1.2347820174727329,PZ,0.12177447096494098,-0.7701359290520018
-11.156435116934285,NA,-2.6126720238794983,PZ,0.3507416409322407,0.06686016517291915
-5.046220989879982,NA,-2.861778772351524,PZ,0.4646142372802452,1.3428097869136892
-6.579574172369437,NA,-3.442856428566057,PZ,1.1656745657197898,0.9549747630185669
-8.964406185907123,NA,-3.669143065117069,PZ,-1.3591488428119978,0.5155495366599377
-7.170870800114368,NA,-4.1947631217632155,PZ,-1.7357677893076928,-1.4072333918087858
-4.474492383515333,NA,-3.5205024335936006,PZ,0.058660384147772,-2.207645583722413
-4.652748641574279,NA,-1.8257368988379625,PZ,-0.642067634173942,-0.49829207737216763
-5.944132219792152,NA,-4.713191216951854,PZ,2.5107511280747965,-0.592032015126102
-9.362301352093764,NA,-3.8106667000917436,PZ,1.6231901584906034,-0.6509698018979871
-5.547113328878391,NA,-6.465466430309048,PZ,0.15113442241080777,-1.6635504962403607
-11.33967048087976,NA,-4.230038209199657,PZ,1.1307214477743532,-1.4071656317833945
-4.786581163148732,NA,-3.590958440972727,PZ,1.4527287241123008,0.770980410227367
-6.529408203346993,NA,-4.370152503201169,PZ,1.30570096092181,-2.015884955993844
-10.051185518053842,NA,-4.237419378814587,PZ,0.1551524207508731,-1.5246776711953118
-11.595036353982461,NA,-3.521770653238733,PZ,0.8972168209719065,-0.09399341838285456
-15.648261718730812,NA,-6.880379351664679,PZ,-1.7464882002221007,-0.7804072061494546
-5.971405595640255,NA,-1.5659818848043,PZ,-1.1514534540014683,0.033805550681426266
-6.395799365272861,NA,-4.8228673162939035,PZ,0.492796218482337,0.4299219428278606
-5.274830664782575,NA,-3.969141635021127,PZ,0.22388660721969944,1.3792724855653922
-6.623343386305851,NA,-1.5291991875434172,PZ,0.15196621322394493,0.19327039935748636
-5.957990601153043,NA,-2.58796649676397,PZ,-1.537501444400045,0.7988825394346045
-11.38161172958474,NA,-3.7889073344369955,PZ,-0.7299531004575126,-0.9522078438316112
-5.905314256563363,NA,-1.957465644681124,PZ,0.8207659189146399,0.7072702971085821
-7.223371544700649,NA,-2.594700012027198,PZ,0.40588379486800663,-0.3139662443277657
-9.13026691059084,NA,-2.3955461127351723,PZ,-1.0105028699036132,0.15710014290270236
-5.487485695203101,NA,-3.845907267516705,PZ,1.1470337503481733,-1.0450191674476201
-5.82967701983319,NA,-2.1238392108559103,PZ,1.2855658407305786,-0.704111029838515
-14.340648769627586,NA,-5.585182412007509,PZ,0.5966812582792484,-0.10954682704286256
-8.003488759510216,NA,-3.4530401643812523,PZ,1.0278872795397473,1.269813627867463
-8.251817546550058,NA,-2.5817411499268434,PZ,-0.3559620336966441,1.0873615256230498
-14.450311499025805,NA,-8.66059617116461,PZ,-0.5320632123527822,1.4810870678478418
-3.9655911368136554,NA,-2.7999436790187184,PZ,0.18935285126564522,0.9314132879395507
-10.537828182724493,NA,-4.164716880548895,PZ,-0.6885436084253301,1.7391093167120404
-6.0029022467800806,NA,-3.562756034479368,PZ,-1.9275597263493345,-1.0376166046844355
-6.202797341160918,NA,-5.773190947069813,PZ,2.7590803345012755,-0.5645121215330602
-5.274830664782575,NA,-3.969141635021127,PZ,0.22388660721969944,1.3792724855653922
-5.234853796059479,NA,-2.002987974143063,PZ,0.5474938743244122,0.4613419779361926
-5.52259160101859,NA,-1.5589200477558407,PZ,-0.2694332588485111,-1.194680717268906
-8.09438557364296,NA,-2.724665739198156,PZ,0.30939636827309214,-1.4981057148136638
-8.709100698807669,NA,-3.762719724272134,PZ,0.3970595118083231,-1.417659328191739
-11.546973369595651,NA,-5.284879628602622,PZ,2.2342876611059492,-0.26851790256119523
-4.037409053636196,NA,-2.4144505165802514,PZ,-0.8760248199512044,-0.9061838005245733
-6.286447504267757,NA,-4.98419988425332,PZ,1.9446808822867574,-1.6215902852020307
-7.043133814361191,NA,-2.622407461789991,PZ,-1.0412260360372285,-1.1143845721142676
-8.82790113298465,NA,-2.7586787512650095,PZ,1.2040793466546338,0.5835236748857906
-4.919604732388581,NA,-2.7536438524027043,PZ,-0.17402492102127598,-1.9567044014764097
-12.432453591599401,NA,-3.5792233663016026,PZ,-0.44381514869097183,-0.20864799722765134
-6.261371135365299,NA,-2.2186672395919205,PZ,-0.8456588920438355,-1.294297179885001
-5.263670050488603,NA,-2.6906180317659167,PZ,1.6406862473314558,-0.8951260958560386
-13.269332247480897,NA,-5.15685762275266,PZ,-1.1717685026165436,1.100676465923817
-5.5801433796468105,NA,-1.8680885162319205,PZ,-0.8838756925223754,1.0085930342088083
-6.449743360630482,NA,-4.098360492067579,PZ,-2.01592551503011,0.18681001757175256
-5.310958614562224,NA,-1.5151746412108398,PZ,0.6675754279238475,-0.8382028419208355
-6.970372240023377,NA,-5.252166014449525,PZ,0.9605670448140579,0.2929452471959289
-6.387937245835558,NA,-2.3627030815983052,PZ,1.2338958165417635,-1.1556162925397768
-10.935765693303164,NA,-3.427483765693485,PZ,0.11184629631797674,-0.6486540899939572
-8.710701216275977,NA,-2.3364453121673123,PZ,-0.474298703975657,-0.09202244851299768
-8.796708377475012,NA,-3.7165445670774235,PZ,-2.0374838255530827,0.23958378735357788
-8.07466679684312,NA,-1.7035074905228305,PZ,-0.6891606296966264,0.49771963863733215
-6.96493928506211,NA,-1.1305700088804644,PZ,-0.12702530226205755,0.1104086014454349
-6.976626475674515,NA,-1.2299912957094672,PZ,0.36549011718912716,-0.45498980850672266
-4.8674605487599685,NA,-1.9498760997228357,PZ,0.38977637507420143,-0.3721691050627707
-6.060626472380117,NA,-1.3956091370178765,PZ,0.1441865888972811,-0.9323624440885828
-5.352863086772341,NA,-1.4437105277473783,PZ,0.7419776784095735,-0.5086476514415847
-4.998193452981063,NA,-1.8876578705419456,PZ,0.08985603574443585,-0.07458960964765238
-6.525917730846803,NA,-4.993823996736767,PZ,-2.4338764733392066,0.7821442755929723
-6.66772806165567,NA,-1.1014762982965278,PZ,0.07935090063337828,-0.29802228207568027
-4.307483574388343,NA,-5.027763699995207,PZ,-1.730516704363821,-2.1277598647743643
-7.49108734996191,NA,-1.6321934084702325,PZ,-0.12542678456340484,-0.708439204126808
-4.825797700504523,NA,-2.579284570927764,PZ,-0.9604277035407287,0.48222763029099935
-5.805083802878897,NA,-1.8098487584266822,PZ,1.2999457287977272,0.032950520818395834
-13.5165777213996,NA,-4.311719200002211,PZ,0.25314064621261545,0.49738234692651334
-7.592758322404677,NA,-1.3825778065054082,PZ,-0.022584831815894456,-0.5518048984338617
-9.235159730478568,NA,-3.1940587687278943,PZ,0.8877579698678031,0.3886838224683552
-9.81350441698187,NA,-5.276327609237572,PZ,1.7396417430242779,1.9004213157377203
-9.478805875111501,NA,-2.819603995037506,PZ,0.00511291681458359,0.5608710136241145
-9.336043416661717,NA,-3.673123793180949,PZ,-1.6619119705872547,-0.47219814011561556
-3.093695422113822,NA,-3.701984105216754,PZ,0.5445215343186447,0.029578345931775968
-5.914859220597241,NA,-0.967005964851258,PZ,0.15791807683751358,0.14655562730026744
-5.654647543839429,NA,-3.8542992981067563,PZ,1.1821375824537959,1.3574887564692508
-8.304867042274852,NA,-2.721684562474041,PZ,-0.48569849817104727,0.3893432912801142
-6.5252536060605255,NA,-3.459378844522728,PZ,1.1535942384361828,1.3868561584910997
-8.435490236710104,NA,-5.175713609360324,PZ,2.315221030428206,-1.1655284240067387
-8.849458825578523,NA,-5.548693165080552,PZ,-1.0667610467739017,-2.604828577119811
-7.978931294665252,NA,-3.970626807863427,PZ,0.23237129293016823,-2.3011257798814904
-7.2309635950330655,NA,-1.71610681282482,PZ,0.6607341425075589,-0.9074487290145854
-6.46848774393806,NA,-1.1452552039877957,PZ,-0.573057820610716,-0.12303053408066966
-4.746955058945238,NA,-2.494961577914127,PZ,1.033356879446128,0.8126844757225653
-6.345741535357627,NA,-2.4495232793839685,PZ,-1.114240150759801,1.2709772400225665
-5.308568568912573,NA,-2.7554541592180186,PZ,-1.0897836582121312,-1.6333007753278534
-8.781945968059253,NA,-2.6169356019520236,PZ,0.07117256301621233,-0.5426983406085107
-8.404230348259244,NA,-2.715136199038221,PZ,-1.6008738538648872,0.029878093847319875
-10.766094114384426,NA,-3.2898311765960897,PZ,-1.3891790186241855,-0.0194981954015494
-10.797744851439449,NA,-5.8944022947983985,PZ,1.3337052055411913,-1.9786118969047521
-7.065971661672542,NA,-2.2587751533561424,PZ,0.1174633246758311,-0.8146476728583347
-9.177430185683408,NA,-2.948274490211516,PZ,-0.48689534866015854,0.40065169445406984
-4.222775450931151,NA,-7.8344689436428325,PZ,-0.9908991338604906,-3.5648692900106798
-9.880086062838844,NA,-5.096521701229178,PZ,2.214007714937455,-0.9965533305279859
-4.113622612098087,NA,-1.6941544478294306,PZ,-0.06708338308702189,-0.6515522525746972
-15.008238230726468,NA,-5.443304746516031,PZ,-1.261182539360596,0.5192390164451353
-5.159485081262767,NA,-1.431817664229734,PZ,-0.7464754580458204,-0.3503351243406617
-7.1268281049788325,NA,-3.6990205773540112,PZ,-2.1741511300988785,0.5064993866637524
-9.211058255732503,NA,-3.5179615343087023,PZ,1.321220655840746,-1.3096191094001104
-4.2333739233199985,NA,-1.815636522732556,PZ,0.15601319090088062,-1.2041253874239177
-6.199420942229623,NA,-1.7775934622604543,PZ,0.9105217188054615,0.7922322538723341
-8.174554575310793,NA,-2.7601754260310414,PZ,1.5167025180675078,0.4510609883491341
-11.267466659186306,NA,-4.984372826743689,PZ,2.103104655528092,-0.19551940456644804
-5.709210347802553,NA,-3.4340866062475968,PZ,-1.0706186004760887,-1.5387466546293929
-9.764806287852076,NA,-2.7620839786915172,PZ,-1.0872977205782812,-0.24526520024313647
-5.2346968214914424,NA,-1.3030562090238698,PZ,-0.10942681805040588,-0.8234770748719236
-4.853139422835823,NA,-4.930630766195414,PZ,0.4566218546201435,-2.826577448521459
-5.076856481959133,NA,-2.082691107811088,PZ,0.7849933185329945,-1.3664545151530927
-4.451374713121701,NA,-4.669405930442697,PZ,0.06742400687564254,-0.7379182962287942
-5.263764770746314,NA,-2.095049168571551,PZ,-1.206587622469685,-0.7232266640758351
-5.653692873798963,NA,-3.223621479320451,PZ,1.7399353181218833,-0.7224657459333155
-6.898471552309516,NA,-4.586819196428122,PZ,-0.8390364602765943,-0.12130770816196085
-5.693978529506874,NA,-2.3009665375984745,PZ,1.4430506364451121,-0.20283203736585942
-3.6505438540840243,NA,-4.98019392426145,PZ,-2.4021332976647605,-0.790187682362715
-6.868435342999015,NA,-4.033873619228238,PZ,0.46413243166153745,-2.0583442889232435
-3.0687331187853637,NA,-2.939696420503738,PZ,0.017881392220430836,-0.770608035857816
-5.816216504079301,NA,-2.139410926469858,PZ,0.057814186171196325,0.5837463888413246
-4.430486576077225,NA,-3.2111857902686305,PZ,-0.9236290115789954,-1.879437228318114
-8.250657777434972,NA,-2.1848632819283362,PZ,-0.5608365699223947,0.7700054224926568
-8.028784818119284,NA,-2.550624572161766,PZ,-0.23211623966117106,-0.538778523043447
-7.5268028077889335,NA,-2.161005032659527,PZ,1.1290686957061504,0.4997275124838203
-6.280473312728172,NA,-2.4145603349517684,PZ,-1.539037930240292,0.4537249561517046
-6.034485725222796,NA,-2.7664775631533036,PZ,0.7042401528453341,-1.7815633542435743
-6.708695722977247,NA,-2.551442655767784,PZ,0.5401692357613131,1.5754977446035268
-4.04231320275261,NA,-3.063905988382575,PZ,0.2910852335420251,0.7139501897015064
-7.847709970259391,NA,-3.5399392836079104,PZ,-0.7246448673922681,0.6524397554774367
-8.01439880784271,NA,-2.435952894210104,PZ,-1.3308817239656603,-0.41195362731118707
-11.285151472726794,NA,-4.259779457680534,PZ,-0.2024794581516699,0.07218891978369413
-9.346264137540658,NA,-4.872213399156545,PZ,-1.7943897456267326,-0.15035693499052716
-8.139640654564962,NA,-2.0441530698077077,PZ,0.7149670113843295,-0.7400976808802183
-8.68729757989251,NA,-1.905658912472499,PZ,0.3210861864544219,-0.4756225894176672
-4.904022989241003,NA,-1.425992942198194,PZ,0.20848372288112146,0.6735443957307474
-4.65280769080968,NA,-1.5386297374007085,PZ,0.8033024287270859,0.005239144879444102
-8.426638193450446,NA,-2.8623351252723634,PZ,-1.6071419605590707,0.38088483983061844
-4.786127358717654,NA,-2.829989728473802,PZ,-0.1627706328981539,-1.2399002491924989
-5.4459098485675925,NA,-2.6676410939041766,PZ,1.2966712011913528,-1.268601738798349
-3.3642780635412186,NA,-3.0071506363452984,PZ,0.7373557596487459,-0.9373083698681359
-9.032738994245296,NA,-3.0976403084725197,PZ,-0.020983993821476365,-1.630196115947852
-9.691420232969211,NA,-3.577972973033056,PZ,-1.260968795287034,0.7978320410301949
-9.892666264450932,NA,-3.64341476228413,PZ,-1.682895985234895,0.42649719860443114
-6.088211728105458,NA,-3.116660336862381,PZ,0.31599429135497137,1.8907581189222853
-3.549609348499596,NA,-2.690514047671673,PZ,0.9043544516282861,-0.8560272039032529
-6.847999883601807,NA,-3.6797038325541394,PZ,1.3805683670565827,-1.099017949441049
-5.930059624048992,NA,-1.4401553840910353,PZ,-0.00971722670643671,0.013111203921678884
-10.241430658563468,NA,-3.0563991618558686,PZ,-1.1411005421472975,0.39032348635948266
-6.969652536888622,NA,-2.572372980624987,PZ,-1.2614071173086752,1.1170332156632443
-7.608243538492781,NA,-2.8121920406395344,PZ,0.7989591918424619,0.06093754775972893
-4.371759005149663,NA,-3.424616299252735,PZ,0.9663395954120095,-1.9371989534356444
-3.698419945206346,NA,-3.2225706397647698,PZ,1.2063647887803661,-1.30054437537521
-8.761120771097167,NA,-3.5044771369772567,PZ,-0.452888711901946,-0.7916126825160914
-5.32750548502476,NA,-2.73406491812588,PZ,-1.343800364979962,-0.8810427285750012
-8.966325302865915,NA,-2.16320321362122,PZ,1.010379034863758,-0.2532803204080254
-6.948453094592018,NA,-1.584994879304158,PZ,-0.02056585424660818,-0.8951736563602772
-8.798329890844464,NA,-2.1404088066773257,PZ,0.4466312352281087,-0.842313818891828
-6.63107345326607,NA,-3.0593966516643336,PZ,0.3160985400337338,0.4397195069378389
-7.451715473383212,NA,-2.5875806834986914,PZ,1.6649909339074456,-0.26207779047949303
-3.4222214383455194,NA,-4.9133430758029455,PZ,-1.132015643464288,0.0473119635021545
-3.632593120938009,NA,-1.947784055113293,PZ,0.24539481114692785,-0.47051818003570123
-3.554105811310402,NA,-6.591186945675529,PZ,2.3701453853514347,-0.44845670359583834
-6.19722330611325,NA,-1.3713770435174575,PZ,0.536571332506699,-0.7809400307464704
-5.919980419117023,NA,-3.156358980991458,PZ,1.1153734886820583,-1.790504804904133
-6.039934609615532,NA,-1.8470362403857958,PZ,0.6996775087587473,0.5245284484458018
-8.653277323392503,NA,-2.1708590557984175,PZ,0.16485800917121451,-0.7625464025533262
-7.41784273750817,NA,-2.6027501249012253,PZ,-0.46643935996212327,-1.6069846178096192
-8.209967839682939,NA,-2.201308425575163,PZ,-0.3769122631838613,-1.2329956278481522
-5.979753646254465,NA,-3.264978263903419,PZ,-1.4796881052877442,1.503694692669332
-8.548025879567543,NA,-2.0916825674120028,PZ,-0.6219236436969144,-0.8340807542964171
-5.9314408968302645,NA,-1.1677535725323724,PZ,-0.37168902028945516,-0.558703509257556
-4.390187189598774,NA,-3.811384698465515,PZ,0.9692825957761657,-1.0304215894688689
-3.24261695711499,NA,-5.616849422841792,PZ,1.0073855129964218,0.5294372679983425
-13.160373431084569,NA,-8.760393097502284,PZ,0.6203086375133162,2.830892972580354
-6.757648028843178,NA,-1.3744840643712628,PZ,-0.1952003019887295,-0.7605390410722466
-11.043653725674496,NA,-3.2198169587313665,PZ,0.1726310202826336,-0.23313648035586942
-4.442954932054292,NA,-2.775140414729416,PZ,0.5371674281361811,-1.8012267696717013
-4.769814934868583,NA,-2.256608406817197,PZ,-1.4467973316212834,-0.8045388573397051
-5.196199439686615,NA,-3.398988510079326,PZ,0.9578888324457769,-1.5881151440024384
-4.379896356931298,NA,-1.2514719588498564,PZ,-0.19823789398103542,0.01950142141972655
-9.221631475140192,NA,-3.492382741439635,PZ,-1.1389056593715614,-1.121965261453492
-9.312264687358063,NA,-3.068574378032782,PZ,-1.6273456935060129,0.04918921440938062
-10.077134581692023,NA,-2.339023373659308,PZ,0.6408774862389852,-0.39422430096879174
-9.280128298107922,NA,-2.5720796754774007,PZ,-1.1762939529602507,-0.17823878753076594
-5.513223302311891,NA,-1.7705159296311608,PZ,-0.8602211228457641,-0.1285023016256086
-10.46138353788045,NA,-3.9834073407969806,PZ,-0.395648186644608,-0.25449647704510897
-4.765537271355161,NA,-2.1381475990862224,PZ,-0.9207892543562823,0.3788370454689621
-2.5887191082464,NA,-4.549389403253736,PZ,0.3866784102166073,-1.0633693055371463
-4.2337854286541,NA,-3.0050766950687415,PZ,0.818291377425759,-1.23298991293295
-5.643325923627,NA,-1.3817158626512909,PZ,0.3641948093550231,-0.8004502602299363
-13.256487525227408,NA,-5.584591930876124,PZ,0.6606990212950349,-1.863351665967787
-4.969993064897062,NA,-3.3312090323732764,PZ,0.26182169861957966,-1.6274539639102397
-3.079136355121663,NA,-4.349436604687969,PZ,-0.6483232897478299,-0.2526331097945404
-12.290818736349799,NA,-4.1240065982511425,PZ,-0.5652492593532159,1.2895322378593397
-5.605481833539991,NA,-2.715659546961069,PZ,-0.2916226690168552,1.5525579014338726
-6.017100331637032,NA,-1.466496603636957,PZ,-0.5960924625080029,-0.9330935987609432
-9.963469812271313,NA,-2.700681913688097,PZ,0.7512597593578845,-0.7422391191348892
-6.118555386794868,NA,-2.451038402046458,PZ,1.2055641226482925,0.20281907416191425
-5.441655018324507,NA,-3.116391816327874,PZ,-1.185979780159458,0.8759275334040276
-5.190316872430375,NA,-3.1664138339216468,PZ,-0.015938183190343846,-2.112307290693736
-4.25573951845919,NA,-4.44172161061403,PZ,0.8130123280279395,1.0577314141721434
-5.882663447743818,NA,-2.6726985257764877,PZ,-0.3929513315138121,1.1187435285364895
-8.923735320847303,NA,-2.4509484052903483,PZ,0.2330787207114169,1.2720182802268285
-6.9332927017852475,NA,-1.6882846070215876,PZ,-0.043743677893743005,-1.1629946531664974
-5.4912921385507785,NA,-0.9065593111447952,PZ,0.03636900522447328,-0.016370395180477476
-6.438187640109754,NA,-2.043039629745321,PZ,0.8659854631917142,0.9930208271679382
-9.052898721195465,NA,-4.035928655198422,PZ,-1.6900489454253549,0.580001543992563
-6.727028851435204,NA,-1.7370550093459638,PZ,-0.47311187441325125,-0.47090976431493425
-3.4271493510117605,NA,-2.2920076023118248,PZ,-0.3314483626913674,-0.24221139881478587
-4.999840841136659,NA,-4.202222310867639,PZ,-1.783629228058303,-0.12337113175403785
-6.614019043341232,NA,-2.646642372601202,PZ,-0.4296258125794263,-0.8205513940092126
-8.348750533196233,NA,-5.96806707380071,PZ,-2.3411572913900978,-0.0571444754362983
-5.437985203642317,NA,-1.6140698679403207,PZ,-0.739865442540947,-0.4024820156061901
-7.9532181752219255,NA,-1.3622011232863145,PZ,0.3270885223180499,0.18239062640036718
-7.373665544594777,NA,-1.9413443113553746,PZ,0.8168952049564044,0.3515227409326532
-10.255608145631061,NA,-3.0133742922136153,PZ,-1.1134716307672146,-0.4016343411586494
-6.04505134095964,NA,-2.818144298467225,PZ,-1.5162209177923012,0.8832134468766293
-10.785105814414296,NA,-3.939071387372268,PZ,1.480864657027803,0.9990869072891009
-6.2206416188085925,NA,-1.2478196165789541,PZ,-0.46055534416406585,-0.13691681376195294
-4.029867796437536,NA,-4.789887582636568,PZ,1.7740707467437604,0.3148685429772956
-4.577968543697582,NA,-1.6005433529970245,PZ,-1.0075828673803997,0.057862854719011314
-9.748045366126645,NA,-4.259889038643332,PZ,0.5591145970970373,2.090778283936991
-8.404455134894445,NA,-3.0227825055771778,PZ,0.1747884979087575,-1.7358741048850954
-5.108925629320908,NA,-1.338869145809552,PZ,-0.8806011327420973,0.22923376718161476
-11.091390770974725,NA,-3.3287004610672817,PZ,0.209754803112677,0.9921235136061789
-3.4432000518141885,NA,-2.6815273076416446,PZ,-0.3343812722728219,0.38513727066587017
-5.321537490265119,NA,-1.8623347361882874,PZ,-0.5642082073647728,1.0637733201377133
-7.039258968096044,NA,-2.2826392453297486,PZ,1.0477017910238635,0.9740789150470949
-6.688597908236462,NA,-1.7639550771141155,PZ,0.7726170756239921,0.15093084900290027
-10.514592959416097,NA,-5.975293764968519,PZ,0.006950976100840833,-2.3208901366369536
-5.726689621147712,NA,-1.1029508240685921,PZ,0.2148708557319402,-0.6523504317508145
-12.434149288368417,NA,-3.6401602347340916,PZ,0.20657836048607273,0.9071586407522777
-7.230211661325465,NA,-1.2873460268666261,PZ,0.5744568217695835,-0.03687087562141711
-3.865967430360195,NA,-2.7415170555165678,PZ,-0.8049835180869545,0.45583797093656225
-4.572071127049427,NA,-3.89220910185249,PZ,0.7964410221388534,-2.007434485099783
-3.7238247610187445,NA,-3.9006995244280116,PZ,0.558454482510868,-2.1514992023006516
-7.349900657518664,NA,-1.7017475016761432,PZ,-0.15446881367045373,0.2517691575026389
-3.682814550697079,NA,-2.9278550788803495,PZ,-0.3778866785024173,0.6836941296458967
-11.790849045456783,NA,-6.1934652490445945,PZ,-2.0728952476366738,1.5351602437991012
-7.003522928506284,NA,-4.689280881318332,PZ,-2.1106509538491878,1.6532178264056752
-11.959747106040584,NA,-4.2969846955153495,PZ,1.3550641952556148,0.926481789714495
-3.214769129323802,NA,-3.586909148196235,PZ,0.6130949781566497,-1.5923053488667118
-4.221511034000075,NA,-3.8403705131404875,PZ,-0.3891524937836045,0.3686684941318541
-9.87537123938916,NA,-2.0512071563940726,PZ,0.18106632492468552,-0.2720745439547543
-3.4170083368092987,NA,-3.057560339661347,PZ,-0.4017300686550274,-0.7042121379666496
-8.019126585690255,NA,-3.8025070439341055,PZ,0.41591975249423857,-0.2903529525018105
-6.2269048054159235,NA,-6.753050000240391,PZ,-2.616341045850789,-2.138853325536316
-7.605106495797922,NA,-7.07263762020166,PZ,-2.9527183019254912,-0.9487963831228146
-12.453819414009525,NA,-4.067116258598679,PZ,-1.1108900157054795,-0.5239996643462256
-9.077069089211403,NA,-3.3977384295169557,PZ,0.7881691249517003,-0.39614933896342264
-8.961053975314721,NA,-5.132953554121389,PZ,1.1701903752908125,-0.9628519928022108
-7.272167233177705,NA,-2.620996618666138,PZ,-1.0864775375341322,-1.169651311739142
-8.236456093118143,NA,-4.122285811144048,PZ,2.2269438167019673,0.6548192763138524
-14.042687949253548,NA,-4.487727166536021,PZ,-0.3369326996626295,-0.3386836568131739
-7.010961726478911,NA,-2.2998107301709596,PZ,-0.013195040843944184,-1.5958162713039128
-6.646889213678263,NA,-3.9492294857927153,PZ,2.101714424853949,-1.23338341625134
-9.686628622830222,NA,-3.9850415209848036,PZ,0.8823252989575205,1.4548815156887698
-5.835321403759895,NA,-5.998132449294336,PZ,-0.03789770941263049,-3.1587898359380318
-5.604657055370531,NA,-3.7755990794761036,PZ,1.338750304201932,-1.7620060748934998
-6.2206416188085925,NA,-1.2478196165789541,PZ,-0.46055534416406585,-0.13691681376195294
-6.6981557421809095,NA,-3.035557687326233,PZ,1.1864666485996804,1.0094229944426085
-3.990233557015687,NA,-2.6418200441782185,PZ,1.0159171414995993,-1.282726661739486
-7.937653735904931,NA,-3.1063389907868477,PZ,-1.1188078258625416,-1.0936231681748434
-3.6053626507780354,NA,-3.208837526724144,PZ,-0.9698394422701921,-1.5574549891597256
-14.108936028598196,NA,-5.142596842854084,PZ,-0.31264413369791133,-0.61550261679049445
-9.042777473727032,NA,-2.0899663876202155,PZ,0.8476604030810908,-0.2636016831477198
-4.552337434220426,NA,-2.2644497273936723,PZ,-1.1758022949456883,-0.4936128441246349
-9.180978905057522,NA,-2.4553702762377445,PZ,0.09495490655231001,0.7035383022152426
-9.85997041019695,NA,-4.040648141583643,PZ,-1.8637186966380304,0.21581172519801506
-5.23819328895766,NA,-6.275128633694706,PZ,-0.6939639531601294,-1.7960035635185638
-4.299110603316515,NA,-1.5653558052060381,PZ,-0.6047260875139824,-0.41166142133704714
-8.72886881843633,NA,-3.6000865042407417,PZ,-0.5325124276920211,0.826253394124749
-5.318953525516566,NA,-2.2504703837891,PZ,-1.534723815620337,0.12767303644933325
-10.081243927337155,NA,-3.3108451274381547,PZ,1.124669965705739,-0.4526294951753705
-3.7776779737216395,NA,-3.8550063931887357,PZ,1.1593173226946987,-1.6953970005621992
-7.015759239929443,NA,-1.358516503329678,PZ,-0.34516887074962516,-0.6841315501887506
-5.3882616839539885,NA,-1.4091104035879942,PZ,-0.7864031534629192,-0.7576544507955839
-6.741103659108354,NA,-3.1707527342565207,PZ,-0.9739784653195611,-1.3825697821292757
-6.746922530444408,NA,-5.629737246538264,PZ,2.2361696987570516,0.29025672293992244
-3.781882388859808,NA,-2.853090745076477,PZ,-0.7178423619083376,0.7697732104593251
-4.067876493188092,NA,-1.8149456133128745,PZ,0.6525460309514644,-0.5346831292502663
-10.299638259919325,NA,-3.420661919351766,PZ,-1.173136353638754,0.44882655587973613
-7.768510744321763,NA,-1.2659565708145397,PZ,-0.14887050426690515,-0.11249225913625649
-5.506746588115264,NA,-3.990981825285783,PZ,-1.2550536443343234,-2.065139130216597
-5.598083906655388,NA,-1.5365137209316249,PZ,-0.31403726691461314,0.09046734378184496
-6.477459985080917,NA,-3.2554441182638985,PZ,1.182571943365463,1.2878774402855528
-10.372118349825874,NA,-2.212963292440589,PZ,-0.14178479352973405,0.10503213164178737
-8.851405555424266,NA,-2.171991740681031,PZ,0.9115628349941269,0.3279768607352608
-5.174001700966617,NA,-1.5155522516158983,PZ,-0.02823478899038337,0.6501139250522142
-8.511111503319382,NA,-2.5589032957551936,PZ,1.3233107838366267,0.3773582872638317
-6.590860051587576,NA,-7.21276950740303,PZ,2.2636489983659667,-1.057475991844604
-6.446562416490688,NA,-2.54212390271944,PZ,0.9238594298881272,-1.1626787150412694
-7.250000533648676,NA,-2.778857326239647,PZ,0.1853688336628913,-1.0212522774618211
-7.910876187222396,NA,-1.5972887202181079,PZ,0.6411931552257076,0.44557215306362996
-8.962758203018131,NA,-3.3884099309407207,PZ,1.557107834094769,-0.3985204693409843
-7.809571351839366,NA,-1.641150792638315,PZ,-0.1217672189717271,0.6243984124823614
-7.056804741749426,NA,-1.7067041222730155,PZ,0.6646666690512352,0.342687555186717
-5.89027651937308,NA,-3.421401763556122,PZ,-2.208963455345901,-0.5337510816352289
-7.944159768173645,NA,-3.0020127270156327,PZ,0.8340906595544384,-0.35770443208437747
-8.530390585648286,NA,-3.1088304719715185,PZ,-1.6477960507294893,0.31474361750230584
-6.943215527864341,NA,-1.5406678567370045,PZ,0.8226265348908801,0.2747870907136679
-12.426651748898655,NA,-3.117466772981832,PZ,-0.032487243863386805,0.2331271148765927
-9.92010359798838,NA,-2.320296967748901,PZ,0.4001157349268885,-0.40634753614222496
-10.113594803650184,NA,-4.215863123499233,PZ,1.4257266110339897,-0.2583443196772486
-9.10051433788289,NA,-2.419386666238482,PZ,0.7909509535077969,-0.921217768101557
-4.491279280505306,NA,-3.006218159636242,PZ,0.44043443634364743,-1.9736736480622654
-6.442406403977713,NA,-1.7364624060195915,PZ,0.5724846683968823,-0.4334715385036772
-7.165332404448223,NA,-2.476415896216149,PZ,0.7149689042309437,1.2935456410814345
-15.445088100373482,NA,-6.625469542721399,PZ,-0.6130080327110815,-0.8085100407987805
-6.635575326543551,NA,-2.969837514327641,PZ,0.8721857237750601,0.5142537314187671
-4.572508096575992,NA,-2.259515856974865,PZ,-0.09766739986008943,-1.6486796135330541
-9.800016989203469,NA,-2.594410842467016,PZ,0.8702772804045049,0.7478326607171266
-5.159893892147988,NA,-2.338136848157825,PZ,1.151825778684412,-1.035148853518784
-4.559291696867798,NA,-1.6673872138276267,PZ,-0.01867157769669285,-0.45937109987935537
-4.274307102872072,NA,-3.622805732249625,PZ,0.556145775413897,0.18761639392009377
-7.046888849134983,NA,-1.8114464200421592,PZ,1.1509346645027008,0.2629243418410095
-7.575341291644844,NA,-1.699553092103958,PZ,-0.09675458668311207,-0.3427199513838979
-9.862813951476566,NA,-2.4654802918608163,PZ,0.8300071868618732,0.5700264077556911
-5.685463546821384,NA,-1.4918082989143848,PZ,0.9350828514151102,0.3314129698261763
-13.981777696938025,NA,-6.739982288410795,PZ,-2.1500064740599685,1.0183734240509845
-3.891043056422538,NA,-2.0590908388011937,PZ,0.5207622442859554,-1.0511237407224625
-7.230283447800682,NA,-3.879106147128047,PZ,-0.7360667243064921,-1.9139301446102197
-7.683738561081602,NA,-1.442436621651704,PZ,-0.14165965877821599,-0.18277359513233832
-11.294959672388355,NA,-3.404175137206313,PZ,-1.3025559501512323,-0.0014680316037072316
-6.602152895409902,NA,-1.5335788159343444,PZ,0.4994222105288103,-0.9635512710188673
-11.227694313829195,NA,-3.0580866215792515,PZ,0.9427335345888408,0.20309816060287675
-10.126700475058275,NA,-2.673526415364668,PZ,0.6421382635945373,0.12554036131055113
-5.367343971673627,NA,-2.104945935916142,PZ,-1.5422077938414955,-0.39701611419667915
-6.8362178313414725,NA,-2.138841201002807,PZ,0.8012132443423898,-0.26448270007500285
-6.780583539931995,NA,-1.9592579213281067,PZ,-0.5971434640168591,0.5569333375125297
-7.691531783895911,NA,-2.4020906818272985,PZ,0.46156509634341264,-1.0897074132042808
-7.497731308824954,NA,-1.9940534129522915,PZ,0.41235343387687545,-0.7849312331126203
-8.494900759936106,NA,-2.997885887674567,PZ,0.5065680269291759,0.3943117054959312
-9.741285698205026,NA,-4.284009355494671,PZ,-0.34234034771441246,-1.3650585495676373
-4.7153914497931675,NA,-2.896911561126216,PZ,1.4040244572862748,-0.7664737907209495
-4.759155743413838,NA,-4.886292983285157,PZ,1.5566971604074669,0.7288593197699661
-14.098530185219452,NA,-5.4487654605196,PZ,-1.608391997090718,0.08545625386176259
-11.166167045806013,NA,-3.9507718531153917,PZ,-0.41054967114779783,0.9446800788605625
-4.821264668929462,NA,-1.2410969765093895,PZ,-0.6354033695470771,-0.3849973217671401
-5.392299279610031,NA,-3.7930045618108723,PZ,0.5883698588356233,-2.1024577332748016
-6.830125277540218,NA,-1.1307716368402077,PZ,0.2983921008653966,-0.34994138318521584
-6.066139649761305,NA,-1.058167381736624,PZ,0.017074152489513467,-0.5327999133406589
-6.243175159330857,NA,-1.963623880606208,PZ,0.5149469160554068,-1.0376886319618317
-6.997949345120944,NA,-1.992828580053311,PZ,-0.1388260867364275,-1.2212199694792223
-8.092012598861746,NA,-2.2361806631407974,PZ,0.6670899147864833,-0.4052943886750219
-5.745488989986275,NA,-1.9650819781728528,PZ,-0.05880982842950888,1.1203247731648744
-8.15021393925756,NA,-3.8320687778140865,PZ,1.7235458704658329,0.27147988560621383
-9.381112917634443,NA,-9.709836590518167,PZ,2.0800505361041566,-0.34725919830241475
-10.555921770754907,NA,-3.7992632906028523,PZ,-0.3226834684699895,0.4331457853020837
-9.274228838602113,NA,-3.4506496262730924,PZ,0.23090805579305335,-1.7333108923239164
-8.586849434706114,NA,-2.877127034553659,PZ,-1.361696652019181,-0.9520463170776318
-6.185162549178209,NA,-2.238568709491836,PZ,-0.41572944501558917,0.04214206025704968
-10.335049400179312,NA,-2.3836159803864443,PZ,0.21998143377802026,-0.2659186533451733
-7.6867116876942205,NA,-2.4220479547306626,PZ,1.3116959504329044,-0.8022471819636208
-6.707612842130346,NA,-2.130098674035863,PZ,-1.0490349415985247,-0.6894353547490568
-9.625160000092217,NA,-2.8611145433990934,PZ,0.9213016641130561,0.8560536184591209
-4.4683477661227755,NA,-2.813628671895254,PZ,-1.4102943575493594,0.9465173697253313
-4.032812053046745,NA,-2.158384594720024,PZ,-1.1394549411315749,-0.7418763122409663
-9.253289820125215,NA,-1.9689257013804553,PZ,-0.4860515082666473,0.45308442861408826
-5.273018416902582,NA,-3.9852654464362276,PZ,-1.481426657910293,-0.05732221066435772
-8.93031811277714,NA,-2.5780174471150006,PZ,-0.4477541663074634,-1.310894485428899
-3.6053626507780354,NA,-3.208837526724144,PZ,-0.9698394422701921,-1.5574549891597256
-5.348538810993306,NA,-1.6021671275362916,PZ,-0.8753009504660265,0.7325098237453231
-11.756098934143969,NA,-4.414115011894734,PZ,0.9089950255724122,1.5434554102253593
-8.193845534863234,NA,-2.200300618182831,PZ,-0.28686848565646933,0.05652061785052917
-6.589471140741173,NA,-1.0554200166362393,PZ,0.17444494181365322,-0.024459479642662263
-8.697250485229896,NA,-3.0528937769545106,PZ,-0.6520927139141495,1.4972400764824547
-7.645883099827291,NA,-1.76002136122145,PZ,0.772666494164526,-0.588678229134154
-6.389425131070921,NA,-1.4261489219146526,PZ,0.4321120134358234,0.5644378002840523
-5.7068524723569105,NA,-2.1352916281750662,PZ,0.15481227859330984,-1.328165103315936
-5.028800050375038,NA,-2.4917767739800527,PZ,0.06606299922913039,0.8240402985478196
-6.9785636632816725,NA,-2.815498761576251,PZ,1.1314341643398471,-0.7051441704599084
-5.210987079359878,NA,-2.7308615161057705,PZ,1.3858861028450837,-0.6432452733721085
-7.426966343241314,NA,-1.2896540888129864,PZ,-0.5240194357581548,-0.03162465576493678
-13.80894299560498,NA,-4.175242087218685,PZ,-0.7911833828992787,-0.21288834945523294
-4.276396633753972,NA,-1.7849545461925727,PZ,-1.0944385461682493,-0.039250781059335604
-4.6567354122400335,NA,-2.307399234734852,PZ,-0.45140718850719036,-0.8777035395553207
-8.147484880712215,NA,-3.473710024419379,PZ,-1.0790729314304415,-1.0909878899804537
-6.0341605684509325,NA,-0.9469691123667852,PZ,0.13185313943222918,-0.18933432300460323
-6.072217694003428,NA,-2.0742142728436925,PZ,-1.4454465571946562,-0.5201329192307114
-6.688597908236462,NA,-1.7639550771141155,PZ,0.7726170756239921,0.15093084900290027
-4.027985297600266,NA,-2.786833612932687,PZ,-0.5537959373505994,-1.695926213729344
-4.532672350603778,NA,-2.7066569760424097,PZ,-0.33478322438670316,-0.30920386701048114
-6.261007023927434,NA,-2.268288377240698,PZ,-1.4629741183700653,-0.6802645089247994
-6.376759900270841,NA,-2.263187933002357,PZ,1.1962761407286118,0.24525104516109292
-7.301933682021837,NA,-2.163899149578197,PZ,0.6930881380226576,-0.28171163072813576
-6.250841965221312,NA,-1.0757677787339182,PZ,-0.31275540906310795,-0.336838389203642
-7.3187622014837395,NA,-4.172423449443656,PZ,-1.6882632913483038,-1.4089757131485077
-13.750126537272228,NA,-5.311947785968001,PZ,-1.09096243106675,1.3160863672486618
-5.028495469945906,NA,-1.9165258038649002,PZ,-0.5182476544961412,0.45962107548398556
-6.207430392649928,NA,-2.372693255809125,PZ,-0.22469559110323248,1.5952386766330666
-5.9439340771357445,NA,-2.5246062745631934,PZ,1.0723561558019825,-0.7586224279367462
-9.956928911394801,NA,-2.2419753581989608,PZ,0.6778963146767769,0.18812252519066902
-7.165574554420509,NA,-1.6651095811361842,PZ,0.4486773496444263,-0.5358254798539923
-5.918287831827195,NA,-7.66468517164955,PZ,-2.889551918456812,-2.3015097271347655
-3.214769129323802,NA,-3.586909148196235,PZ,0.6130949781566497,-1.5923053488667118
-8.699193507312428,NA,-3.604294958281499,PZ,-1.2968360050658787,0.8477262323895207
-3.5933786720404526,NA,-2.469465507189795,PZ,-1.0325246490822602,-0.20409713355542292
-14.796957787892394,NA,-6.313422472850483,PZ,0.05702251845661083,1.7680699251551097
-3.4791124914592553,NA,-3.094040971562933,PZ,-0.2796534066694842,-1.6786904612872366
-8.3495749890638,NA,-2.9323512101807263,PZ,1.2773639083603787,0.9202915942464522
-10.471394031795299,NA,-2.6037251897304547,PZ,0.48672180526293596,0.43882603684783383
-9.871075446658919,NA,-7.467224393505174,PZ,1.4323281105306216,2.7616635311887014
-12.157963500406625,NA,-6.582662729257912,PZ,1.677509275069642,-0.6207130923136109
-8.677973893137072,NA,-2.21260727005641,PZ,-1.0182444959076533,0.29833770008356736
-11.093978679502,NA,-2.8043826180461933,PZ,0.80246821268213,0.1910532807743051
-11.487867106457173,NA,-3.4474689315622067,PZ,1.0747708383581496,0.5964487831116903
-6.754614016135479,NA,-4.1307596196663265,PZ,-1.8500421175719928,1.5988260354947261
-4.748979540836852,NA,-3.1629779830135756,PZ,-0.9259670775692579,-0.5431963991719029
-4.042330330310836,NA,-1.7034430049708995,PZ,-0.039399368036703075,-0.6959086459756395
-7.099878521539171,NA,-3.38889290082234,PZ,1.4788460539404078,-0.5534346504857798
-12.498876570795868,NA,-4.9400293900391095,PZ,-1.4087273762921262,0.7940498925047849
-4.146270284981687,NA,-4.781369488387252,PZ,1.7058095640324156,-0.7601332755991526
-5.093570051514348,NA,-1.3044449867102819,PZ,-0.4449352371364431,0.6020406216752703
-8.590136729653594,NA,-3.6513670983321984,PZ,0.42462883822755587,2.0095804345587363
-8.910612655812958,NA,-3.3518146348690765,PZ,0.476075496981475,1.7729317553935409
-8.427091046107622,NA,-1.9071319753305074,PZ,-0.07192475344011026,-0.3208927878854957
-9.562361036719185,NA,-2.2630954845382085,PZ,-0.5431453403202182,0.5070284851994873
-9.073223321999253,NA,-4.076950697541138,PZ,1.3033310295725968,1.0720904704485799
-6.239617062246769,NA,-3.080479211426456,PZ,0.14784273151740163,1.4330317137352304
-5.727698964433556,NA,-4.991911253235023,PZ,1.6444439218445306,1.7854334321337304
-11.66094747463528,NA,-4.136913357303106,PZ,1.2763427714529472,1.0588278273406608
-10.858788121346873,NA,-3.6128111836253374,PZ,-1.1488962617862732,-6.94577706095989e-4
-14.98153227790797,NA,-5.424368396655848,PZ,1.348776655944744,-0.22474900413424753
-3.5933786720404526,NA,-2.469465507189795,PZ,-1.0325246490822602,-0.20409713355542292
-6.3852204479317205,NA,-1.4484106077239793,PZ,-0.2265720753392904,-0.5638211429403743
-14.650943000413696,NA,-5.753529191785289,PZ,0.23754071003373706,-1.225732376806183
-4.427447265623896,NA,-2.6977057348713513,PZ,-0.1850867639476046,0.3054033577747274
-6.057119466626645,NA,-3.2336775592968525,PZ,-0.5941268304119671,1.942712236649721
-5.300818254392562,NA,-1.1485152477243994,PZ,0.522496740361849,-0.23740885523817956
-7.297810484168578,NA,-2.919714361210412,PZ,1.7490392375986987,0.5774850142926238
-7.48242598214124,NA,-1.5597249225385572,PZ,-0.207988531441278,-0.8391682515416864
-7.813431360470027,NA,-1.898984029824078,PZ,0.851038791589358,0.3811395651989905
-8.813793049533201,NA,-2.391902710050967,PZ,0.29691086778797526,-0.6159704163761162
-4.37224932608727,NA,-4.3170343590944285,PZ,-0.35819342567125423,-2.286990388589267
-11.237804247561535,NA,-5.186605628316916,PZ,-1.5575857073551362,1.5439227149501562
-6.333697762263348,NA,-1.7336381020273537,PZ,-0.4588466659006869,0.6668812786487343
-7.434316551568036,NA,-2.2759994604168026,PZ,-0.745198613058676,-0.2030211371288757
-9.303999554796109,NA,-3.5168646870922577,PZ,-0.4854663379801157,0.06583780044803933
-6.551402504950587,NA,-1.6079903003912202,PZ,-0.9962834006116184,0.5242493201018599
-6.8444322947456495,NA,-5.279691446463232,PZ,-0.7692130805349757,-2.7733208530420543
-3.66725931613268,NA,-2.936568292603763,PZ,-0.6257428607762765,0.6507394651609844
-3.0268871722001074,NA,-3.6143985391670133,PZ,0.2078927240877788,-1.4465961751114353
-9.227010705744139,NA,-1.8792106653995002,PZ,-0.21524290174631439,0.5252120545546326
-5.479423538713992,NA,-1.3997990252581893,PZ,0.15475552656552066,-0.3956293747320604
-4.105998872557358,NA,-2.875687882212768,PZ,0.0670352085700166,-1.2127740440866934
-7.515244765573277,NA,-1.9308186723677312,PZ,-0.1952637450369179,0.9833044769633291
-9.342255715894128,NA,-5.8529793283784315,PZ,1.1969622560629987,-2.5491828217714847
-10.634343380762084,NA,-3.1592782311457346,PZ,-0.7225585359834189,0.5190407563371806
-10.27649723783158,NA,-3.7827971669920233,PZ,-1.5548475827657058,0.4328848370207304
-6.899327049421576,NA,-2.045741251206725,PZ,-0.1464807668884378,-1.2671913099564398
-6.952700218205471,NA,-1.8613575302060799,PZ,-0.27346318973660755,-1.2661784769614512
-8.49683401165438,NA,-2.498140859600513,PZ,0.64728242575739,-0.8153767779808561
-9.222692856548106,NA,-3.4658474963785078,PZ,-1.2165814816189058,-1.3085292259624213
-5.2187239905741185,NA,-1.5776890625596849,PZ,0.7560940900738846,0.5495609680616559
-5.137439109567064,NA,-1.0793641248126706,PZ,0.1728779207942226,0.37493631926198906
-13.940026234979241,NA,-7.261421514595158,PZ,-0.7337317823613861,2.443253149904928
-6.646489346316747,NA,-1.4394819278056803,PZ,-0.3554174558302488,-0.6726889168962538
-9.308557546931562,NA,-2.1259906163799274,PZ,-0.15433000904805513,0.20068983587957712
-9.187619769168695,NA,-1.9679107662391817,PZ,-0.053573925159899116,0.1663967352379213
-7.834731109925077,NA,-2.7360381574529935,PZ,0.31893791151809214,-0.9885170938029408
-5.282416346585802,NA,-1.805236213095025,PZ,-0.5007521919056368,0.0475923068017019
-9.642474916170947,NA,-6.483777318516009,PZ,1.695776683674416,1.9380005105420233
-5.755288687251435,NA,-3.1377367318561946,PZ,1.6602972491415238,-0.8735838203775044
-8.0180729832751,NA,-1.4508409610649515,PZ,0.24096475429294623,-0.47131501639151513
-10.599430969419954,NA,-2.3931234757897535,PZ,-0.1797323349551367,-0.47042358839938914
-10.474757205864192,NA,-3.8563362488660813,PZ,-1.6661114095142928,0.3774110807271832
-6.530006488891456,NA,-3.581581914756632,PZ,-0.5123744559025696,-0.20436345551510482
-6.303351686652972,NA,-3.075152641113252,PZ,-1.106030906017566,-1.04521917654543
-6.925590290862935,NA,-2.310252741922003,PZ,-0.7134876905993498,0.7931176249593407
-8.223788047284858,NA,-1.67930723056679,PZ,-0.7848300447037944,0.0302310596662001
-11.057611399832226,NA,-3.4585126150866805,PZ,-1.361005398298081,0.05310966978556925
-10.637216822577205,NA,-2.408954819692959,PZ,-0.01940054375597744,-0.04386148818763361
-8.59182689521926,NA,-3.175985032201943,PZ,0.7802461092638309,-1.6285591102942063
-8.03559365138739,NA,-4.864936137105714,PZ,-0.7495449617988019,-2.539533495514793
-6.096664229588901,NA,-2.13345118739322,PZ,0.88936411506468,-0.780051581346771
-8.37707173565989,NA,-1.878521792687489,PZ,0.3704362687913938,-0.8758625682962509
-4.592463756241114,NA,-1.6276831684433317,PZ,0.4617736987808282,0.5550052360602726
-8.313789601226354,NA,-2.5998095454101726,PZ,0.6282454542952165,-1.297607206315633
-9.448877502515023,NA,-3.868776549729544,PZ,-0.11067160050138536,1.6732022780624156
-5.457010510600556,NA,-1.3036118436311122,PZ,0.7553938293030552,-0.2596983630639763
-8.156544271065517,NA,-2.4858871382157806,PZ,-1.1793730120436665,0.4902359486677076
-11.364159688043754,NA,-2.8615313924815347,PZ,-0.4305206119901217,-0.0665680910217448
-7.87227724896358,NA,-2.409813284641853,PZ,0.15296145894453606,-1.227078879830045
-9.454594127752202,NA,-2.4408098590820537,PZ,-0.7189255109568435,0.8574409347490696
-4.782488203002051,NA,-8.708439021348507,PZ,2.525726399083912,-1.1382218967634392
-7.0066264937163885,NA,-4.417424285938342,PZ,-1.3545566438289844,-0.4996773138070792
-5.783441645842302,NA,-1.5157647665761353,PZ,0.8945438528240917,0.4818418776027518
-5.057007788045223,NA,-2.214708729374697,PZ,0.9769510730196886,-1.086729437097253
-8.878429730154973,NA,-2.2030811415050167,PZ,0.019800027772524764,-1.1130082494312696
-10.161219495771963,NA,-2.6369299171428597,PZ,1.0128791545731188,-0.3236797066791045
-12.57337907490424,NA,-5.233875827959452,PZ,-1.105773738417819,-1.5320296239878735
-6.334052010187884,NA,-1.7221328108252276,PZ,0.12848296057412556,-1.1943607241508327
-8.468146540987531,NA,-1.5149354756651974,PZ,0.1462310564023,-0.23762347254689042
-5.775629510846157,NA,-1.4277234070616918,PZ,-0.830954357367619,0.2845050199180055
-4.572071127049427,NA,-3.89220910185249,PZ,0.7964410221388534,-2.007434485099783
-7.239788016364705,NA,-1.8119581369894477,PZ,-0.7646475205282224,-0.8958161563246325
-9.42276723756528,NA,-4.661799020360357,PZ,-1.4834692436062853,-1.6757460170331013
-12.028625896558932,NA,-4.460961820520175,PZ,-0.09051734354601235,1.3126718727840083
-6.397430691737732,NA,-3.623364313277526,PZ,1.6319274488728783,-1.4163248539866318
-11.053945547297355,NA,-4.671568390297065,PZ,-2.0851440258227956,0.3143202964019335
-5.504767406065245,NA,-1.646632057879762,PZ,-0.7900267565194202,0.3959940552905577
-4.418701781636723,NA,-1.8159982763816567,PZ,-0.5459505046394318,0.6144417950723345
-6.600632725283978,NA,-1.9116542492692568,PZ,0.5452194258303982,-0.9171265433059467
-5.351379782780227,NA,-2.035767135419133,PZ,-0.5793990266761402,-0.3001138032816232
-7.795273460291476,NA,-2.1960233198017507,PZ,-1.1825718568310397,0.4157239108219667
-6.0872706434748505,NA,-1.794712135072365,PZ,-0.08450883600278519,-0.13058183488080377
-4.928819959591333,NA,-1.0811966800694535,PZ,-0.10762890248297963,-0.008041340208760336
-8.883978762558824,NA,-2.506435853988788,PZ,-0.8623968011205078,-1.0478947885846628
-5.5323173313187475,NA,-0.8971619431875382,PZ,0.15084122335054312,0.03806099024424148
-9.65233390040389,NA,-2.0278157247550936,PZ,0.5358154843117766,0.14998298101292162
-6.923218513201054,NA,-1.817575089504886,PZ,-0.8775349631832468,-0.8440463408282494
-11.010623735548435,NA,-3.393938471033141,PZ,0.28271568936190483,1.3572778725956371
-4.195794223099816,NA,-2.9218741877013628,PZ,-0.624268203681353,1.0979947486833601
-7.618539121261402,NA,-3.164053165373437,PZ,-0.0719990663585267,1.3425844454676763
-4.905977475152499,NA,-2.0615468888090462,PZ,-1.3008370456393283,0.3016191410545432
-6.007346706697366,NA,-2.1372334639306976,PZ,0.11558565213211755,-1.3683146897308565
-5.465947998590232,NA,-1.6712057384645689,PZ,-0.4849006223905301,-1.0782658138674917
-4.256383082945923,NA,-2.6935540430481595,PZ,0.08716524223872335,1.1425080272710972
-8.261439200466151,NA,-4.062138333757777,PZ,0.5996228672473479,1.9742037431188986
-8.145146259741226,NA,-2.0912464233584602,PZ,0.8229876985925049,0.15772919128314294
-3.781882388859808,NA,-2.853090745076477,PZ,-0.7178423619083376,0.7697732104593251
-12.313502584286592,NA,-3.3786691365891963,PZ,0.1750168729678992,-0.8026385036934065
-5.074770491463269,NA,-1.2429466915808909,PZ,-0.7829319469003855,0.19352517803625996
-6.395694562432669,NA,-1.2838114497463973,PZ,-0.8099733135677345,0.18868308904501102
-5.9926434590193125,NA,-2.6254726076931107,PZ,-1.6753259752120613,0.15137604959030437
-3.7987965037461517,NA,-3.393295231500491,PZ,0.7440096882084022,-0.5066214164674231
-5.380570850965277,NA,-1.9204029852163322,PZ,1.1323531508276181,-0.03788598788187114
-5.0704541137024295,NA,-0.9641595731189342,PZ,0.1562537648007883,-0.20036111539751178
-12.315826425958049,NA,-4.074471345227907,PZ,-0.6721391189934905,-1.195941048564634
-8.726154935859247,NA,-2.368506078769272,PZ,0.31256415781969527,-1.1754461449418476
-7.882260329649167,NA,-1.564020885571685,PZ,-0.09935231817047085,-0.7701930983753799
-9.551409598203433,NA,-3.750408220994198,PZ,-1.4723559549196077,-1.295066931680167
-9.259741784663474,NA,-3.0206465323864173,PZ,1.0062830163862722,-0.4713100927277151
-5.5198379346332995,NA,-1.2796961494809138,PZ,0.625599306999299,-0.6813198048050206
-4.898294107781976,NA,-3.092510711743494,PZ,0.9270559645572122,1.2255002085763629
-7.8418269032176156,NA,-1.4126302942451334,PZ,0.059602963192699754,-0.5637669099179873
-9.231429492050271,NA,-2.902969440718576,PZ,1.4916862672900297,0.09880366432450038
-9.950384955219917,NA,-3.5380412417619023,PZ,0.6395622626864519,0.9519002136680578
-9.028324967530335,NA,-2.0045762095850295,PZ,0.29069482350761067,-0.6631181164498151
-6.978483971275828,NA,-1.707623760590423,PZ,-0.6056832877955949,-0.9726036508745728
-16.24502517315168,NA,-5.605583224093747,PZ,-0.3195244792641352,0.45846984794358225
-6.204319241802736,NA,-1.5010402096168665,PZ,-0.3830139952253238,-0.5624932057981981
-6.533045533046868,NA,-2.5337175607956754,PZ,1.6619459006125044,-0.3940521083270495
-13.70231204266438,NA,-6.303859787333113,PZ,-2.1850050869510995,0.3756842776630883
-9.865184993219973,NA,-2.6273108979758715,PZ,0.894490477070767,0.7268127942701479
-6.623174828501973,NA,-4.66252280681959,PZ,-2.028065784427685,-1.794976773362233
-5.748555889444994,NA,-5.8451635893064315,PZ,-0.6705666916168421,2.476436935373455
-9.194260402548007,NA,-2.836022523639985,PZ,1.3146435634608993,-0.6902966703883227
-4.913804559558408,NA,-2.0905452695596227,PZ,-0.053011514680033844,-1.551896799323811
-12.742851389260034,NA,-3.8187487332518684,PZ,-0.8294049244495427,0.45097602010615356
-3.56552129869536,NA,-4.311245359283124,PZ,0.17193709102961985,-1.7266129219107405
-9.467196253957399,NA,-5.248433121052995,PZ,1.0951218078673042,1.742592121671567
-13.112335453752312,NA,-4.476139951192359,PZ,0.4692482888049211,0.7038336830804196
-9.426435877351725,NA,-2.974576065677942,PZ,1.379793747522828,-0.3913022365215446
-4.063464495805398,NA,-1.7691514168431384,PZ,0.42956490725170504,0.09256569061312803
-8.016388517884675,NA,-2.1335519176664572,PZ,1.2405654538520205,0.1591568124053891
-6.988116860086307,NA,-1.3416938113558938,PZ,0.48205513526699906,0.290091436865788
-9.740817414739261,NA,-2.33792673435521,PZ,-0.043078626271457976,-0.26338250024385507
-11.829094374208415,NA,-3.5454616879768275,PZ,-1.0835753115071591,0.4000620473310142
-7.100163364636787,NA,-4.423526813924489,PZ,0.9520981488738814,1.7979843545918768
-8.470976744124048,NA,-1.8235989068599077,PZ,0.8010723128406804,0.3098165270476956
-10.264487134321822,NA,-3.4847005077036335,PZ,0.42506549845533437,0.7240819231492059
-6.538917815706635,NA,-2.5110209347918686,PZ,1.4292332440211746,0.46583249420451545
-10.488530788993925,NA,-6.096285492254346,PZ,2.05453097180055,-1.7872789724162454
-4.663455129316811,NA,-4.113097131700176,PZ,-1.00667463393347,-1.744314962189169
-5.0686605597470304,NA,-2.1764000674330823,PZ,-0.8875565934909804,0.0033745891899127356
-5.102658861580306,NA,-2.6723476638347616,PZ,1.2706177860728631,0.6960269128691943
-6.136222070282711,NA,-3.0600089501851544,PZ,1.2061018078082468,-1.39228857899248
-9.929358133468973,NA,-3.7639259246184817,PZ,1.341784555901584,-1.115845002321012
-6.207908624213018,NA,-3.671065145714097,PZ,1.4305649204304116,1.300422478591808
-5.727698964433556,NA,-4.991911253235023,PZ,1.6444439218445306,1.7854334321337304
-7.774032377009069,NA,-1.7186036382685292,PZ,-0.5771652600016675,0.5192382219830293
-5.229299578006078,NA,-1.087505662114488,PZ,0.5202742846429627,-0.03585073241539494
-9.034967247380845,NA,-2.3949326108636635,PZ,0.5087610783543655,0.7784082833925497
-11.02034442869688,NA,-4.495489160840563,PZ,-0.8571940398933422,-1.8342902449541814
-10.840824921027542,NA,-5.790145597207893,PZ,-1.2009993802277226,0.8666690408517924
-7.409066938069928,NA,-1.2811983608878537,PZ,-0.3007264923811144,0.25410577375972637
-8.463404854755002,NA,-3.7654838324499673,PZ,-1.5442704083664252,1.3209131235155063
-8.093614241735926,NA,-1.6393822593378364,PZ,0.7447374556723259,-0.171052772738897
-7.68317351202944,NA,-1.586667484728256,PZ,-0.3338946705742033,-0.7327179171883643
-8.972722274233258,NA,-4.828542314220752,PZ,1.4574798883125064,0.49957530139743345
-4.0751288777291315,NA,-2.959464903969307,PZ,1.2085050809522249,-0.2586035966584167
-7.677816585500748,NA,-3.647761517207917,PZ,2.107479795971524,-0.17405813581111756
-7.8018321984403185,NA,-2.9096065796193855,PZ,1.0700848594330725,-1.1456435927626563
-13.51559268070913,NA,-6.025987083115851,PZ,-1.6007657934343456,-1.3373817251260454
-5.072810644121329,NA,-1.2713986920320755,PZ,-0.3158949286146892,-0.6773243094852761
-3.1608923667612494,NA,-4.6427425915383775,PZ,-0.41086569108427673,-1.7425170207945715
-7.252246784640034,NA,-6.14128094022104,PZ,-2.0005479048043955,-2.0195609305783315
-5.488865392800413,NA,-2.0315541833869104,PZ,1.2829838348834721,-0.21913842639180361
-10.457670115813759,NA,-2.8989632634203493,PZ,-0.819908954229713,-0.8589571600154988
-4.834413300756623,NA,-2.093562019561511,PZ,-0.7577306142590241,0.7908575125054353
-5.668973298387927,NA,-1.805788119123593,PZ,0.7903089089163906,0.7956733443868955
-3.0268871722001074,NA,-3.6143985391670133,PZ,0.2078927240877788,-1.4465961751114353
-9.275464097855041,NA,-3.268365161841057,PZ,-0.11445817395564861,1.37322246089199
-3.6231498266874875,NA,-2.9166293125281992,PZ,1.035970058947551,-0.7181423865227043
-5.827122920922784,NA,-1.8564626722295623,PZ,-1.0431136949803714,0.8744292486762633
-6.801602187145237,NA,-3.2414253243159727,PZ,-0.5092267415599299,1.923659245746475
-7.04186107876551,NA,-3.2706025240752465,PZ,-0.8450391011923815,-0.8430192727215606
-6.629879147027444,NA,-1.8164913011437243,PZ,0.2503350938917633,-0.10370790541096808
-5.77547261447121,NA,-5.061799309834624,PZ,1.5883497982586994,-2.1920418534845156
-8.759137937106361,NA,-3.94385257895233,PZ,1.1593882179732384,-0.6425573860859587
-10.689732380844012,NA,-4.370639697986862,PZ,-0.7057063211630286,1.7634922195173186
-8.157772297962131,NA,-2.853635105807056,PZ,-0.140673261869939,1.5172368355739962
-4.392190960448206,NA,-2.026907024467985,PZ,-1.0161552202644293,-0.43890219071038034
-6.25954396688399,NA,-1.5403140591497373,PZ,0.011089749197915943,-0.17626357930698688
-5.839678459163298,NA,-2.977092709179934,PZ,-1.6597257871849034,0.002271768355237236
-3.789066956435402,NA,-2.6568105559825725,PZ,0.9789004007707316,-0.20940446796087853
-8.73613511380923,NA,-1.8560476817068836,PZ,0.2855445682664065,0.6770019405875201
-7.778705393068786,NA,-3.6501480172964245,PZ,-0.5636358480558413,2.0959989281158893
-3.5975330154407845,NA,-4.23998305791264,PZ,-0.539429675294604,-0.9766812919503518
-9.212337965711152,NA,-1.9375237021199903,PZ,0.0210498030348642,-0.6387078805071216
-7.1870219379696785,NA,-1.6001264984712729,PZ,-0.8827026287355915,0.23477029930631121
-4.68252345921978,NA,-2.5384159802913038,PZ,-0.8826780312444457,-0.1664928403675835
-6.212828899459508,NA,-1.3203015329323613,PZ,0.7831205233386263,0.12694819218810763
-7.020499749196798,NA,-1.9880569760933844,PZ,-1.1265152085517265,-0.7811603988021623
-10.625794400002107,NA,-2.3661368325829435,PZ,-0.1385227277028338,-0.37539237158300093
-6.007243484259039,NA,-1.170984299766255,PZ,0.3327014474585178,0.2721817606712744
-5.308471944457708,NA,-2.6518132650149173,PZ,-1.8152245744050317,-0.47471269774948566
-11.250191166378945,NA,-3.2950293171899507,PZ,-1.2127323677490691,0.15852284481815113
-8.288779733969404,NA,-1.8178814274852877,PZ,-0.10328913342776203,-0.8213672052246201
-8.357061806892634,NA,-2.517275605417278,PZ,-0.016837091419177067,-0.8494922126308657
-11.13293247576585,NA,-3.8593407774994146,PZ,-1.2536850976291751,1.0665092678535792
-5.829385416393734,NA,-5.274662194840769,PZ,2.7466751637298885,0.16983389914325375
-8.921536634178102,NA,-3.0464500049237473,PZ,-1.4261896079360983,0.8695368824310566
-6.5664584895038,NA,-2.253616983832722,PZ,1.4061688412584392,-0.2331824516442105
-5.078101745365413,NA,-1.0386216529662196,PZ,-0.2391678457392319,-0.260864310290253
-7.264955464577671,NA,-3.110132558465383,PZ,-1.0939513052218794,1.1899278603988257
-7.867886929493971,NA,-3.712950747318291,PZ,0.5156656079242523,-1.9642178620991315
-4.411956816617199,NA,-5.552262457365052,PZ,0.0819357013188623,-1.441018812330399
-9.562570544924665,NA,-3.094012182015552,PZ,-0.6864325976977501,-0.932590079301396
-8.089062770498971,NA,-2.370912928218233,PZ,1.1936864340653344,0.07499205258938232
-5.124479050872235,NA,-1.7054477132182102,PZ,0.993600865218651,0.2961914094807061
-3.953506502298466,NA,-2.147647163537929,PZ,-0.9590377171598596,0.153536391278727
-7.612059758271947,NA,-2.0732169585938878,PZ,0.6508598805611385,-1.1299312052033383
-7.309285691240616,NA,-1.3623504606328547,PZ,0.5941674531045619,-0.0635958295018283
-13.35236912841896,NA,-4.290867858261722,PZ,-0.549537068666806,-0.5455053873439557
-9.855163039295679,NA,-2.105692008530855,PZ,-0.409473658286423,0.13391363106577897
-13.291741146146098,NA,-5.820060198126425,PZ,0.2937688738661439,0.9411189521822853
-6.535462322022127,NA,-2.481822952188217,PZ,-1.6294660791740543,-0.4136883259247691
-3.961238663289655,NA,-2.8285491513858028,PZ,-0.7487083811880031,0.9767144048023126
-5.240383730681605,NA,-2.4269599946009257,PZ,0.8495615119052348,0.6812795241013967
-8.124158190445648,NA,-3.486390766377289,PZ,-0.822750424443557,-0.6346575841045272
-7.118847833261986,NA,-4.673697686652348,PZ,1.976831434886561,1.5920797829479671
-7.0310808300517795,NA,-2.210275183642156,PZ,0.9542843943829757,-1.0024024495817567
-13.535826317600879,NA,-5.406234163479316,PZ,-0.501757160184308,-0.44277480399707
-4.652076814777361,NA,-3.204325179023537,PZ,0.6749667940183929,-1.684329097042423
-8.838332963102431,NA,-3.492942023798168,PZ,-0.7448362454140025,1.633451236387697
-8.059453322262623,NA,-7.0427452513150275,PZ,-2.4022673545576945,-1.915651794107023
-6.079896187711988,NA,-2.363772324656407,PZ,-0.02371917826597869,1.30066339015978
-5.860729510548797,NA,-4.276752172453132,PZ,0.7451748867085504,-2.3739311922271455
-7.178339814956,NA,-6.57772545887284,PZ,-3.122098264251555,0.784582987602612
-10.343765314850138,NA,-6.6479747060551855,PZ,-1.54275798081761,-2.5706938521088936
-10.643809227329017,NA,-3.67817491165472,PZ,-1.509024025742046,-0.46474194992632134
-11.722232349053677,NA,-4.704948793906034,PZ,0.8769292007429246,0.6671602873053739
-6.059988364560915,NA,-2.0143920515066864,PZ,-1.4285947790252367,0.27801988546438744
-4.765537271355161,NA,-2.1381475990862224,PZ,-0.9207892543562823,0.3788370454689621
-6.24737838841597,NA,-1.6725425708903356,PZ,0.8761653723989007,0.683723732398038
-5.879320332522917,NA,-4.097723970152141,PZ,2.0637002908458486,0.9783302565725691
-10.674581558491752,NA,-3.6667084204348117,PZ,1.4971705893552438,-0.3995847496694267
-10.001241302161825,NA,-2.9310509661109125,PZ,0.9326820055313177,-0.8075698795960722
-6.1019556738340475,NA,-1.846278836723533,PZ,-1.3247124630286007,-0.09425913427175198
-4.722702283010058,NA,-1.4991079200270454,PZ,0.11827255889795385,0.5973611056511448
-10.650001775260806,NA,-2.6900900532217737,PZ,0.5754915522385539,-0.682420921278525
-6.643320090091665,NA,-1.6104746973964357,PZ,-0.8529464571858707,-0.7038543572725691
-7.905004023484402,NA,-2.638463268601729,PZ,-0.4363420547006796,0.8871883208959201
-6.1413726143878415,NA,-2.1328292743530404,PZ,-0.8171103375234179,1.092924740366266
-6.29879966026913,NA,-1.7841211802061694,PZ,0.7920991936154744,-1.0478754888402078
-6.156376679992334,NA,-4.69644194569318,PZ,-0.6509255625710202,-2.678286440209612
-7.480400081801659,NA,-4.978020490109387,PZ,2.6067879237499607,0.5967799508721212
-8.049591620267783,NA,-2.275939891788047,PZ,0.2699729977749379,1.2622704901543018
-3.756468297964377,NA,-3.415075726445176,PZ,1.086569629344549,-0.7840099814872424
-8.04242233178487,NA,-1.427435781690252,PZ,0.17080835714419151,0.3851660723273014
-6.045067484470326,NA,-2.3432167789942713,PZ,-1.0076659153827443,-1.3589700690204065
-4.489542733973975,NA,-1.5136540237453007,PZ,0.44136682089763835,-0.8460811517280207
-4.623056852053097,NA,-2.4489480220014395,PZ,1.3023439704491195,-0.4566660078216569
-5.325345214316808,NA,-1.2827000137862234,PZ,-0.17063728654587595,-0.19392185654014837
-7.151210670427804,NA,-1.3691065610068527,PZ,-0.13724734132827265,0.05670828499434999
-6.271540422225258,NA,-1.3815153365916752,PZ,0.051784080854402476,0.6962631725490467
-4.35085824020093,NA,-1.4748555712831213,PZ,-0.2503576608079745,-0.8959655768430751
-7.190177045074529,NA,-3.7661034548673635,PZ,1.444202169413719,0.7687543564006867
-11.657802287978676,NA,-5.081729692926787,PZ,0.13299964377878215,1.730784963763012
-6.844508493228727,NA,-1.1865300716516585,PZ,0.18864391820625803,-0.5842605671909125
-4.211150129370262,NA,-1.7037029077855936,PZ,-0.10850503303647252,0.22001233242002127
-4.169499608655366,NA,-2.8590372875095342,PZ,-0.018134947523561595,-1.900684449855572
-8.179524948621843,NA,-3.059973311053466,PZ,0.4629481867083325,1.5946520531145914
-11.5718438010682,NA,-4.214547600427397,PZ,1.6744962833033477,-0.2309308741197017
-5.795417305072681,NA,-5.563567565826854,PZ,-2.4976842262938446,1.6762337487793275
-3.5690818071603085,NA,-3.1303429000620113,PZ,-0.9029778762911311,-0.36237850024766716
-5.871867384241009,NA,-2.878428615911039,PZ,-1.583164413449916,-1.227093962144793
-6.348163753051539,NA,-4.208487316993731,PZ,0.12871643948748662,0.8571720753122836
-4.398080094747126,NA,-2.1408259755325654,PZ,0.9742875720096513,0.26266888653407594
-8.393522069486561,NA,-8.772385682298236,PZ,0.2809268458328435,-3.786323984842806
-7.0548726905545935,NA,-1.7303101091670303,PZ,0.9599029233678598,0.37691592621357695
-9.61819433411517,NA,-2.9943877666010676,PZ,-0.7078236090695885,-1.0858518051688368
-7.159579956386142,NA,-3.8044905288766513,PZ,2.2945829299344385,-0.3165681538596371
-4.498573224905332,NA,-3.877695629695717,PZ,-2.271695734656928,0.4989116181919806
-6.0538834968905695,NA,-3.1315341498083384,PZ,1.8201339116743553,-1.061344746901787
-4.380798086674577,NA,-3.955533051339022,PZ,0.5966170169236781,-2.3635107375847246
-4.797513645430033,NA,-1.5531112457385259,PZ,-0.7327514226872933,-0.9129406126001066
-6.357899757668416,NA,-1.7216054348981524,PZ,0.7429106358350291,0.900077567845124
-4.935241055494214,NA,-3.164422133153283,PZ,1.1424672802355214,1.1016538023864326
-6.951302059056623,NA,-1.4409728778565298,PZ,-0.4797434209507342,-0.7760362318552828
-6.434461972359078,NA,-3.296772129003241,PZ,-0.3194472587048286,1.9979734525474846
-3.9960515579900187,NA,-2.661915554449124,PZ,-1.616926841725182,-0.3320696528794017
-9.739430964076034,NA,-3.8085460994665974,PZ,1.3362262869221988,-0.9476029790257086
-8.055743241015826,NA,-1.655633700510905,PZ,-0.03841849474928427,0.5562658468085997
-7.312730114670824,NA,-3.245028286674891,PZ,-1.1493604294880242,-1.096690811649093
-9.397235205874845,NA,-3.1777232277445955,PZ,1.1299536310955263,-1.2021493506726433
-5.6291818954063055,NA,-3.584071700774056,PZ,1.733257967453202,-1.01576352692725
-6.1686967714122005,NA,-2.2049370840571108,PZ,-0.23460865894944272,0.7338327342749065
-6.106902296934238,NA,-1.8279109075503552,PZ,0.28983302646440473,0.721933019722956
-4.398080094747126,NA,-2.1408259755325654,PZ,0.9742875720096513,0.26266888653407594
-10.017970831852177,NA,-4.562221730449526,PZ,1.3623132455519396,-1.2616949041632668
-4.043333688762278,NA,-1.9583321937973264,PZ,-0.5194911904678099,-0.09631827802971368
-7.837611041583617,NA,-3.765353005783202,PZ,-1.3342953208604655,1.7661051425186463
-5.674094456582532,NA,-1.5146031685798391,PZ,0.30443425022472886,0.8549904010814817
-13.303643866556225,NA,-4.42871809164461,PZ,-0.3777482522011788,-0.17696507763821856
-10.645323646670542,NA,-2.789720595501206,PZ,-0.7694529259762937,0.07125936675159758
-4.072482333026295,NA,-4.20086625945408,PZ,-0.20577814514347903,1.426401193651667
-4.74663892882638,NA,-1.2180843712277574,PZ,0.15572616401048422,0.34032852123344703
-6.059413517649713,NA,-3.9103098339262004,PZ,-0.09802260104632066,-2.4478633080347385
-4.437843222620631,NA,-3.155870679606843,PZ,1.4857349959089006,-0.6292935525403687
-3.8190400952657892,NA,-3.62885112893598,PZ,-0.35195402893465494,0.12525833519906499
-7.679174094320312,NA,-2.7271661536976954,PZ,1.2579400511585919,-0.7267388127820396
-7.919500141712359,NA,-1.644493074084965,PZ,0.4807614955951726,-0.5799656583539318
-4.623056852053097,NA,-2.4489480220014395,PZ,1.3023439704491195,-0.4566660078216569
-8.475879454621232,NA,-1.9130730252935284,PZ,0.4498583407651934,-0.43253567796635556
-6.053342123662106,NA,-3.7120012945980623,PZ,0.020872878463408462,-1.783506358848398
-4.211150129370262,NA,-1.7037029077855936,PZ,-0.10850503303647252,0.22001233242002127
-8.749325560814778,NA,-6.131611168304708,PZ,1.4879958906003103,2.275330983911548
-8.289113436929565,NA,-2.0481845140804404,PZ,-0.42311132720451583,0.834409398376561
-5.887698288630823,NA,-1.3375639587720967,PZ,-0.6061948673113667,0.37943076276623344
-7.728453907984549,NA,-2.4189435877984717,PZ,0.7128364589355742,-1.3737391688871416
-5.044769224829744,NA,-2.243193495165805,PZ,-1.5650332246777379,-0.5796942499867114
-4.29170101113327,NA,-1.5710368579919876,PZ,-0.4758935312497756,-0.14035105779832802
-5.206614380032451,NA,-2.8919003324836154,PZ,-1.7844829708127745,0.7280183530369762
-6.299592893654973,NA,-2.096341035670573,PZ,1.2186201024046237,-0.6295755511978999
-8.521888166313383,NA,-3.697268490875151,PZ,0.6931497905476857,1.2651001012292715
-9.148334016045341,NA,-1.9201673682867981,PZ,-0.45615920305796825,-0.4222700198765964
-7.222245013128822,NA,-2.707939998314284,PZ,1.7084477057870442,0.43924683675420795
-5.342411407894566,NA,-1.5965476357867916,PZ,0.6511483003857493,0.11683335140383377
-6.297644371868673,NA,-1.5455833928095144,PZ,0.16741225133850535,-1.0233530854843442
-8.01648265181589,NA,-1.4841893435935187,PZ,0.3453163389081815,-0.3679781816188159
-9.46949306474206,NA,-2.8084169626411417,PZ,-0.46694877378404587,0.847677568555175
-6.960869024622215,NA,-1.6987867978672317,PZ,0.3158171589462791,-0.12075466737452523
-5.411909245591779,NA,-1.9845134042515937,PZ,-0.14642343169679994,1.0818928046543674
-6.251649583246038,NA,-1.6504393971455475,PZ,-0.06214866829647098,-1.1088412174287348
-7.2242702320963375,NA,-5.336585840920057,PZ,-2.782926704841306,-0.15957543702497953
-8.548553475367598,NA,-2.4390933295101553,PZ,0.8315319834926072,0.7245351911481247
-4.693019649074719,NA,-1.3112090217812868,PZ,0.04583741095575489,0.25269358972887157
-8.512531882203909,NA,-2.0467358518807828,PZ,0.8510082278075812,0.6515996415370513
-6.802107174528503,NA,-3.7669230675102185,PZ,-0.3053119220001319,2.218607111066386
-6.88444418789791,NA,-1.219585909145172,PZ,-0.08466856660944311,-0.6109716172064034
-8.346147091155304,NA,-1.6845667611877126,PZ,0.4416756658948343,-0.24777707242995772
-12.629843835156551,NA,-4.690548951756803,PZ,-1.1681679122303945,1.2361957063196432
-7.189980173620948,NA,-3.556034438765872,PZ,1.7742027430220255,-1.3412282586429294
-10.258771034738182,NA,-2.954364189512242,PZ,0.8684608759863433,0.8823270033535324
-2.8694937517825316,NA,-3.8631101123838985,PZ,-0.9716962030988567,-0.942453810704174
-9.900657287070018,NA,-3.838355314885404,PZ,1.1029258268169997,1.1492948272498054
-10.104289575070721,NA,-2.394430965298086,PZ,-0.05511427816298964,0.04899459426777708
-7.578710410784218,NA,-4.768074164287057,PZ,-2.639077989723497,-0.2388881842180653
-5.675852643014843,NA,-3.513499764572309,PZ,-1.797074224063462,-1.4811883924482614
-4.010383656712756,NA,-3.4342942649350396,PZ,-0.48837444189522616,-1.8969806873948243
-5.452844340130395,NA,-1.934715208974894,PZ,-1.4105693829657004,-0.4080354752915622
-8.29709278009836,NA,-2.1193207804497023,PZ,0.507450845835489,-0.6649063760444387
-5.605283159185604,NA,-0.9261098330533145,PZ,-0.1251603572960721,0.019680107803710323
-4.711362489648655,NA,-3.159220600201675,PZ,-1.2877828440099264,0.7951001692362701
-6.434461972359078,NA,-3.296772129003241,PZ,-0.3194472587048286,1.9979734525474846
-4.82422923351285,NA,-2.7328479316513263,PZ,-1.7128753758426485,0.4064766382155829
-4.098969786048302,NA,-1.6449644261023908,PZ,-0.09284904167387242,-0.8866720713425977
-6.539143904333757,NA,-2.492816134169098,PZ,1.0394731730035587,0.5079812092235558
-9.578815178850963,NA,-3.5113871520639117,PZ,1.40943131736838,-1.1013186405779294
-6.166272424176398,NA,-1.737767044297822,PZ,-0.7331171657888068,-1.079089587280701
-4.192843402052683,NA,-1.8505638271703382,PZ,-0.6930723547017088,-0.6761419385638602
-4.101483120727418,NA,-2.355687335275194,PZ,-1.2208272356939478,0.005065514033007368
-16.730297118621916,NA,-6.063705623261781,PZ,-0.659868858622368,-0.6459763547142562
-4.529392023187811,NA,-2.5877905641425913,PZ,-0.6554541585599379,0.6214788335342253
-7.209645553209341,NA,-1.2595472709919433,PZ,0.4914759918907643,0.26520586940757146
-7.313853473003217,NA,-3.993729508094159,PZ,-1.103540908524701,0.154076921904646
-5.840386829166573,NA,-1.7905105468135698,PZ,0.6647912100842781,0.24798181560580884
-8.66530206029701,NA,-4.8217868302033375,PZ,0.6751767567823737,-2.428872356534882
-10.879655226819482,NA,-3.9702140306794425,PZ,-1.3157592710644634,1.1816760606093817
-10.494021885300954,NA,-3.504479495362044,PZ,-0.36022990621379325,0.7402992917271937
-9.26414111800928,NA,-3.224159930250012,PZ,0.6960786576430134,-0.36546912775049006
-7.181008034739326,NA,-1.5198147633625365,PZ,0.7058153511375745,-0.3392110418537211
-4.810185280310969,NA,-4.63648709257808,PZ,1.8764717532251156,-1.0106668715679898
-7.4521279086233925,NA,-3.007404725006541,PZ,-1.333322079628379,-1.0435905703846786
-4.5303508919216835,NA,-1.6119765513495083,PZ,-0.8712323484602316,-0.6324865308902261
-8.008346150816646,NA,-1.3395869439573325,PZ,-0.1058140862069481,0.21685463523728893
-2.5826964507410213,NA,-4.308534740909583,PZ,-0.48531104589475826,-0.8118102374092474
-4.615724379406037,NA,-1.8326571585678877,PZ,-0.6040011434015922,0.8423633958141968
-6.893858387223609,NA,-1.6736313944112324,PZ,-0.6223207674313742,0.7403557735800961
-5.61371562493783,NA,-1.794644269886693,PZ,-1.2072812147663492,-0.31662288257310045
-5.176707351483602,NA,-1.440039864338761,PZ,-0.3738809211163351,-1.005318842049794
-11.415595845624406,NA,-4.015436453994878,PZ,0.3085718770275391,-1.0361017308152116
-5.069341264289619,NA,-3.009643125383725,PZ,-0.46559269426687977,0.9429181002434159
-7.912357309067167,NA,-2.059224198364574,PZ,-0.5310677798000134,-0.5563080310647773
-7.522827018936867,NA,-3.3978528284940372,PZ,0.031252216931768606,-0.5212383599034551
-3.93884736306498,NA,-1.861233692869478,PZ,-0.5399678919718116,0.2796197658157358
-4.636706429285126,NA,-2.560872579175932,PZ,-1.3576357212992274,-1.0837607285087296
-4.36644939437443,NA,-5.084563346648158,PZ,0.1518471364522388,-2.585364920722202
-6.215919614878019,NA,-5.614762751664308,PZ,1.292881743003969,-2.4226943973633164
-4.978077461560286,NA,-4.442329755641013,PZ,0.3717008677147496,-2.669565245297239
-6.69851572010739,NA,-4.259912393948624,PZ,-0.6297523267305092,-1.80566040014845
-6.201034049630826,NA,-1.9990936909330739,PZ,0.7344763689651561,-0.1721228675202517
-11.432177520064279,NA,-5.637592948137165,PZ,-1.235157220398968,-0.2979118121625087
-6.402091406417081,NA,-2.471615339925279,PZ,1.058088918113475,-0.9070140644276743
-6.135131581100888,NA,-1.6880096546874943,PZ,0.29098595329325466,1.110805518080081
-9.32554455213054,NA,-2.170140537332877,PZ,-0.8109892474260886,-0.4255125547574383
-8.959523892565795,NA,-2.4101559480856936,PZ,-1.1752765157136733,-0.09851966850691163
-7.697526955477482,NA,-1.8253099123435823,PZ,-0.4715101366057639,0.9615427840242396
-7.128496291744259,NA,-2.512256409858217,PZ,0.9911814189219255,1.0666965981639578
-10.90376092324227,NA,-5.42003958161691,PZ,0.9842112419833987,0.062433786318803475
-5.996818075022009,NA,-1.4423209982317882,PZ,0.253862018249188,-0.23717517636614652
-5.747620664642237,NA,-3.7099452050139305,PZ,2.276271755339165,-0.425945269434608
-5.013881437814837,NA,-6.756815089067432,PZ,0.7071166945618235,1.5553706065287805
-8.820081476840313,NA,-7.235395530486836,PZ,0.9148961284757234,3.1930303770516817
-6.725690624533403,NA,-1.0688821298298743,PZ,-0.21963281730328377,-0.26376448535220576
-4.78799065710294,NA,-2.1009091610128996,PZ,-1.2814010472268995,-0.2607995138535852
-7.446408086214712,NA,-1.82666862505126,PZ,-0.6680828288344915,-0.18703381118851659
-15.24433459631438,NA,-5.790930813418392,PZ,0.38076290176536176,-1.252813393515933
-7.054997157789819,NA,-1.3993538692091085,PZ,0.7175825060999241,-0.254042491070147
-2.8194711152756673,NA,-4.3821320454252906,PZ,-1.2016373269470897,-0.8872125869421394
-7.4203084198594755,NA,-3.2100283080061143,PZ,-0.44723690317639186,1.9398895601693817
-8.919803376268094,NA,-3.3207595713710054,PZ,-0.5851567874107391,-1.749486101265345
-6.199370919661849,NA,-1.1630127166981385,PZ,0.05715699717609013,0.6287478463772207
-6.013234409244561,NA,-2.6747143755837355,PZ,-0.5070876557858897,1.671471015852402
-8.43362770390305,NA,-2.106754135254945,PZ,0.8424954706794912,-0.002277788632907285
-3.4334799476115077,NA,-2.242470571289552,PZ,-0.37775817825940855,-0.3059941109943711
-8.823086566003838,NA,-2.4051932613674305,PZ,0.4294859731596928,-0.8220836494812633
-6.960686435262111,NA,-1.5430327323927655,PZ,0.14107481292621082,-0.8212957381940376
-6.38533724631375,NA,-1.5672966440588572,PZ,-0.7934930630051302,0.025432628627216514
-7.564180122018929,NA,-2.5142921490137033,PZ,-0.5311227193006409,-1.1358179048678492
-3.93884736306498,NA,-1.861233692869478,PZ,-0.5399678919718116,0.2796197658157358
-5.821832718018296,NA,-4.393808202886757,PZ,-2.249143241506242,-1.3391225241871907
-3.427396388716533,NA,-5.0428346600492935,PZ,0.237328217290671,-2.1345940204742124
-3.9336650888599727,NA,-2.575107737529099,PZ,-0.5721340259410507,-1.551625591763155
-5.7180646865681855,NA,-5.244741558910496,PZ,1.1036275640800426,0.05346705082232034
-5.6444269370829865,NA,-2.358179104866221,PZ,0.7504682334730988,1.1384481615674056
-7.148401043900746,NA,-4.784167166869159,PZ,0.6581424797261751,-2.4092397396321568
-6.693947882478003,NA,-2.0286747823451785,PZ,-0.6024059371357859,-1.0507625556971978
-8.085535082714552,NA,-2.1610106271752283,PZ,-0.821714472934193,0.40796037176397465
-4.097043682497969,NA,-3.2351735892129367,PZ,-1.192736692650151,0.4981838755323247
-4.3008055278420905,NA,-1.921098840688828,PZ,-0.9316796169829069,-0.8609839428088457
-10.646426655607168,NA,-3.4856198047154914,PZ,-0.011919580687751008,-1.411255670728091
-8.99248118537672,NA,-2.458446891318157,PZ,0.010027652397703202,-0.745723483358794
-5.010363150236058,NA,-5.119037838695376,PZ,1.6180961184131692,-1.2157697534316223
-5.898723088650231,NA,-1.6537388102441652,PZ,0.8999850215977525,-0.19026236465446
-8.273139835735545,NA,-2.2740892859329946,PZ,-1.0440711723383516,0.5784111353046841
-2.8982868795016987,NA,-4.943172695004887,PZ,-1.8309267256048556,-0.9085971599514255
-7.281399079288889,NA,-2.17320387184692,PZ,-1.014364108810514,-1.0016665084568066
-5.146133813471804,NA,-1.9434543296343563,PZ,0.37298433277095233,0.4864984529197016
-16.85059088826962,NA,-6.9606486863644665,PZ,-1.309638585894729,0.9208359564069613
-8.138425714347289,NA,-2.049083539119978,PZ,-0.13306117527386963,-0.11814044367656662
-7.981541756742812,NA,-1.8728327623772683,PZ,0.19577989277621832,-0.7697726628843249
-5.370711801846646,NA,-2.6901758313388067,PZ,1.6356463150103795,-0.1617873942051578
-4.805304053565159,NA,-5.998651318335671,PZ,1.9716795751266316,-1.337481707324759
-8.351234116312087,NA,-2.7281951486041676,PZ,-0.7622404874962414,-0.7762745464365537
-5.014172417412567,NA,-3.1663551515719845,PZ,0.4869072942549037,1.3746588275865181
-7.981310994343698,NA,-4.064857056980683,PZ,-1.9224347331614617,-1.3459411377236836
-4.437843222620631,NA,-3.155870679606843,PZ,1.4857349959089006,-0.6292935525403687
-9.460418958243958,NA,-2.2050682234062915,PZ,0.635564867260253,0.6391093351120848
-7.838923268868087,NA,-3.137718909301906,PZ,-1.9319806055773485,-0.0884924431055838
-8.342507055012248,NA,-4.09744867104907,PZ,-1.697343315001815,0.5616009459121262
-10.845949019247545,NA,-2.864448562177387,PZ,0.4988932362205244,-0.8784495965013672
-8.417959556677364,NA,-3.460775836742632,PZ,1.6804501116351078,0.9072591088224544
-4.16510511950265,NA,-2.661135180761342,PZ,-1.350950320413446,-1.1403215382346936
-7.46121115515842,NA,-2.0643755064775102,PZ,-0.6174315443590469,0.8011029151698936
-6.808336294887033,NA,-2.906666304112771,PZ,1.6421555255271496,-1.0322373468774297
-2.8061953295223647,NA,-3.925701153984897,PZ,-0.6970493440181027,-0.06164283491366074
-5.32018773043449,NA,-2.1473098340922343,PZ,-0.678285953518351,-1.2451697471248604
-4.82683851870837,NA,-3.301171738221682,PZ,0.3519645400278265,-1.0058733207697794
-5.769265970381792,NA,-6.35076786284041,PZ,-0.02814963120501074,-1.382589188726928
-4.644831447638437,NA,-2.4323180438509158,PZ,1.0399434750071688,0.045002694066734406
-7.903391786076043,NA,-1.7496867897417436,PZ,0.5829407869079033,0.30121189832750167
-6.692159032659766,NA,-3.269386893505304,PZ,-0.26237993360647455,1.407149581234443
-4.35085824020093,NA,-1.4748555712831213,PZ,-0.2503576608079745,-0.8959655768430751
-7.235051038233868,NA,-1.4203825592680963,PZ,0.02186553504669919,-0.8185286028488223
-12.02645570782617,NA,-5.598393984698201,PZ,-0.8865346774859905,2.144185565400246
-8.008660489214549,NA,-1.924484343744514,PZ,0.6549221459346921,0.8791856922621484
-4.7189082114766006,NA,-3.2177807558174845,PZ,-1.3231488084744774,-1.1506851477967068
-10.538601076115164,NA,-3.0197477729637443,PZ,0.9092950492868047,0.20266152099544305
-6.451388567838778,NA,-1.6907019890827373,PZ,0.7266333325948198,0.8637927008071424
-13.866548617409231,NA,-3.9172957957395664,PZ,-0.18528156894733072,-0.3047952489530404
-10.653548199725057,NA,-2.928543885512441,PZ,-0.18806362866253035,-0.6416278357295879
-5.904084785027138,NA,-3.688408167024846,PZ,-0.5272037476617367,1.5466864380227392
-5.841186999672697,NA,-2.233597086603739,PZ,-0.24829071358993793,-0.049107976821997856
-7.203825998928848,NA,-2.3516013645881184,PZ,-1.1595869385067106,-0.5607593540736651
-10.270396664274127,NA,-3.768901344225764,PZ,-1.2807454212386666,-1.1641539081972945
-4.532994237904775,NA,-2.1238743229829105,PZ,-1.1015262559529024,0.5776384250677745
-14.371978434921953,NA,-4.728655542671832,PZ,-0.48924452910837657,-0.9109038377601764
-7.338394133776067,NA,-1.99958085285525,PZ,0.16491971998429056,1.2699558157693143
-7.6055323969790365,NA,-1.649904234684028,PZ,-0.5297489810187649,-0.26104472719111227
-6.946050158684383,NA,-1.1872581114111878,PZ,0.4779573628883987,-0.16693164127480373
-7.6948906895414755,NA,-1.3301276780545526,PZ,0.04525758461527401,-0.4420364856383352
-6.150085081635098,NA,-1.950315818817421,PZ,-0.10763417591068841,1.1610197405618907
-5.811455805167297,NA,-1.5840177021953008,PZ,-0.9644347519987224,0.3294089271917483
-7.020329948570625,NA,-3.500236073691288,PZ,-1.6358587795252468,1.0657431953755467
-6.081951176141753,NA,-2.1723588207998277,PZ,0.820401120943869,-0.3368250920810367
-6.527745289123839,NA,-3.125192392464733,PZ,1.3712825791637502,-0.8856799733444234
-6.461359426300831,NA,-5.416878758231918,PZ,2.08952015413798,-1.7175220843400236
-12.042009745142586,NA,-5.479397034589496,PZ,-2.176317400099901,0.5690175042648553
-6.331960393669881,NA,-1.617841160025489,PZ,-0.3341768644675669,0.929540581929919
-7.652514746590166,NA,-1.4078236035710658,PZ,0.05534034814504807,-0.24534876513946535
-11.75671049242893,NA,-3.954056910217123,PZ,-1.2607775140224984,0.6759884780036731
-4.438865923873541,NA,-1.4288924035198727,PZ,-0.33511598322518266,-0.12951590637136715
-11.194706904883596,NA,-4.076693338934495,PZ,1.581751199039724,-0.12800930199217747
-6.968447242229352,NA,-2.7107317279316994,PZ,0.2329054801965822,-0.27480648340838215
-4.066709165513263,NA,-2.883849966408584,PZ,0.66418736685137,0.8214484698594688
-8.189476756744407,NA,-1.579218938331146,PZ,0.11907266681376122,-0.31108619674381754
-4.160913379026497,NA,-2.6482607629477735,PZ,-0.3194928414001048,0.36207045774006535
-8.976081199494118,NA,-2.5548245412373065,PZ,-0.7426524331986205,1.0990899355463872
-6.4662069462870395,NA,-4.507954416988307,PZ,1.992094035255945,1.4511423314992467
-5.748819342662153,NA,-2.455573638347597,PZ,0.41435495417374163,-0.5427976382113414
-13.207363290936094,NA,-4.2179338223732,PZ,0.8927374848382941,0.23988429061843475
-11.760821405072054,NA,-3.3548256715663047,PZ,-0.1255937897914634,1.0256321569189557
-10.342855271752077,NA,-3.0047717351909813,PZ,0.42050925226820923,0.7003194396258194
-5.212758372940628,NA,-1.9457605328688619,PZ,1.326360736508621,-0.3886637625397463
-8.571497185028363,NA,-3.935923056447633,PZ,-0.1888213995638977,-1.7355440486423703
-6.4747765554097105,NA,-1.0774143402312284,PZ,0.31059597574658404,0.3496813720813573
-7.6254335280543355,NA,-2.2270197586269087,PZ,0.3583091011259869,-1.1295479421755183
-14.248664998221424,NA,-4.270988927218179,PZ,-0.4579325323656105,0.3941874639035109
-5.6947356577494634,NA,-1.2685482189573,PZ,-0.5006001959926922,-0.13741020662080922
-8.384243759539213,NA,-2.7363567928476957,PZ,0.8942780740134697,0.5822168869108681
-4.736552456911825,NA,-3.2366721985250395,PZ,1.373754268334165,-1.2636667285927001
-6.562687591873818,NA,-2.383421865691359,PZ,-1.275530800039877,0.5969579847635446
-3.9119676363581126,NA,-2.033103175307321,PZ,-0.37808083690703226,-0.6809751896470202
-11.11288652999987,NA,-8.000607110974746,PZ,-0.698686608813429,-3.245868593945395
-11.291923443283576,NA,-3.8182231784055003,PZ,-0.8420741768211703,-0.6739837014128827
-10.959622872527197,NA,-3.7238538034574824,PZ,1.4607903988672093,-0.6399216810369223
-4.889979540197485,NA,-2.5192654169906175,PZ,0.5455625487793911,0.9312421661686371
-5.054498362215629,NA,-1.7775803257116807,PZ,-0.9100170235470119,0.4068745259042336
-5.27464563920737,NA,-1.7542542803910923,PZ,0.4098884151592135,-0.9621801122163359
-10.375908093330478,NA,-3.6968735901160366,PZ,1.2661663252853845,1.212885872448589
-7.44825718507979,NA,-2.31675807339289,PZ,-1.1568415638751652,-0.5677763252987185
-5.644040953498958,NA,-2.213571331732325,PZ,-1.534367416082441,0.2824401407476369
-8.309244592289412,NA,-2.5524490181609103,PZ,1.200588473290805,0.27592373610142407
-5.069367825309099,NA,-2.9212549630360267,PZ,-1.6723219756200483,0.958607883901066
-6.338029555862931,NA,-4.405903536024907,PZ,-0.49027561826755317,-2.597823994392833
-7.972103299403828,NA,-2.261972863951384,PZ,0.17085487483130812,1.3594708178939547
-6.128488098195405,NA,-1.5748101544139708,PZ,0.2521310637482188,-0.953553976657292
-4.801878489154005,NA,-1.5528583352798087,PZ,-0.9457567050570802,-0.4193242590546761
-10.695335158069478,NA,-5.835912632072448,PZ,0.7853756721232568,2.3173331800188026
-7.07195311235899,NA,-3.1188562736888925,PZ,-0.4049978096770612,-1.615124048165245
-7.831300350041782,NA,-2.8061887699863712,PZ,0.308369677524312,0.15381996611748533
-5.836349381612196,NA,-1.4994645735925594,PZ,0.2662186380796064,-1.0672880276483567
-6.878604659261667,NA,-2.8886556477936964,PZ,0.2848278849313609,-0.35511808872157813
-6.593016469956102,NA,-3.219725838424174,PZ,-1.3610263864054755,1.2227277619913597
-5.748819342662153,NA,-2.455573638347597,PZ,0.41435495417374163,-0.5427976382113414
-5.499559690204186,NA,-2.702592221743554,PZ,0.6294661765120046,1.2212632880797838
-5.792974684121552,NA,-2.6117423510838607,PZ,0.6148345944364667,-1.2594203568908793
-4.935241055494214,NA,-3.164422133153283,PZ,1.1424672802355214,1.1016538023864326
-9.41922116651717,NA,-1.988653956423347,PZ,0.5838761559983184,0.27185475964649747
-7.3608198186688725,NA,-1.4472376084811258,PZ,0.3270206618034175,-0.7406585381382274
-3.453317933173226,NA,-2.7649779599905897,PZ,0.7842208762835998,-0.5471577233361836
-6.548565665983682,NA,-2.603735849486187,PZ,1.7111404590429924,-0.3595708869206935
-4.411229010438965,NA,-3.942702490983351,PZ,-1.0650859003448032,-1.3133684005227788
-13.52421844068254,NA,-4.669439185792733,PZ,0.9855269160908278,-1.0245875686281765
-7.78081093601216,NA,-1.6611025583391597,PZ,0.533942930470659,0.05406511594581609
-9.217436354872117,NA,-2.8251233638886615,PZ,0.8149313763573338,-1.0756847857228997
-8.29746355878692,NA,-2.437792472712293,PZ,1.282846369664983,0.08271668125379789
-4.219017611369567,NA,-1.9342677883308408,PZ,-1.0284683009210343,0.3232323392755064
-6.5089506534469,NA,-2.330302827100792,PZ,-0.9832217672707092,-0.5547232751897548
-12.466424354076972,NA,-4.085571641940714,PZ,0.23824254112977922,0.8527863431016607
-8.194940589977058,NA,-2.6156383530099667,PZ,0.12865788339532203,-1.1509835706260867
-4.231849988835774,NA,-1.9324945841019534,PZ,0.21500756213031907,-0.1454408890965948
-5.535996460501258,NA,-0.9484132995404959,PZ,-0.24507411150339192,-0.3956520944441869
-6.573097665882106,NA,-4.0812374955271205,PZ,-2.305585286012316,0.31399947094723596
-8.693616105380741,NA,-2.6922007344060987,PZ,0.5614236413247109,1.1790803409692379
-4.76737243513814,NA,-2.4433245194704245,PZ,-0.36172270304517584,1.3394526640652549
-6.44434693959955,NA,-6.336239432785289,PZ,-0.3962498646972815,-1.521110568754004
-7.390238555980214,NA,-1.4795728367500094,PZ,0.10849502909889203,-0.8291100909366192
-7.726165580728501,NA,-1.9749320971184294,PZ,-1.098050515894625,-0.48565381848123973
-6.932355185917234,NA,-2.1306865284107652,PZ,-0.17834597407132058,-1.4136844829003852
-5.176707351483602,NA,-1.440039864338761,PZ,-0.3738809211163351,-1.005318842049794
-7.129602717170589,NA,-3.9770107138470245,PZ,-2.0034853706326357,-1.2201505882463342
-6.44267931337162,NA,-3.314948269394881,PZ,0.9127632512842339,0.2380779649021312
-6.539867879095529,NA,-1.5649088881936184,PZ,0.9464637183777396,0.3081480683833495
-4.090697657526595,NA,-2.1530190025009297,PZ,-0.8916390933083731,-0.1776779579284392
-4.727989008751445,NA,-3.2386112018980464,PZ,-1.3223652240603112,-0.3702761955547147
-8.560531635024285,NA,-3.5737249127207713,PZ,0.6040647056343065,1.9264141122043426
-5.235847098594099,NA,-4.239009347267455,PZ,-0.9051061553639338,-1.107505363996837
-5.460797370553711,NA,-3.9232995925198626,PZ,1.372053064866658,0.9249817125684539
-6.795529654774757,NA,-1.19455165861427,PZ,-0.6144346705442747,-0.156871306879109
-5.96838669475417,NA,-1.145276152630569,PZ,-0.5861515399944169,0.32700566564681643
-3.7566916678849562,NA,-2.0510617360866403,PZ,-0.4597358489208567,-0.7036283151065525
-8.367871498872292,NA,-3.325207063535515,PZ,0.5849102827715217,1.2738719350209002
-4.652983903107214,NA,-2.8718859805163492,PZ,-0.7098119582457745,1.1436721576680347
-8.59629427323977,NA,-1.8167685144050263,PZ,-0.3798470419568376,0.5379261841218583
-5.6789710445592565,NA,-3.107095985181192,PZ,-2.060180865524294,-0.29330273163385245
-7.882767012350254,NA,-3.485549336229584,PZ,0.5559815947654377,1.7956169687202226
-9.913177123772703,NA,-3.021418127550093,PZ,-0.19355132796445182,-0.19556183351443268
-5.835823157921221,NA,-1.942540673901558,PZ,-1.380416996379859,-0.021142824207050492
-11.759679051556361,NA,-3.7871720638960755,PZ,-1.1129005455555752,-0.6559395797101046
-8.356585973703266,NA,-3.1435298571814507,PZ,-1.3815003697953088,-0.6566520661062036
-5.2535787818484545,NA,-1.9101581093709261,PZ,0.1952574846209079,-0.8447340964598098
-8.69035567064351,NA,-3.9008160911017473,PZ,-0.1059439817886223,2.157679746065224
-5.620272638905366,NA,-2.3391498700510125,PZ,0.18328755588634826,1.2052944641804548
-9.744331645195146,NA,-2.535883785157665,PZ,-0.9070842198002997,0.012937465130817616
-11.290610379517329,NA,-3.1042085254558978,PZ,-0.288779044456867,-0.9740101795630169
-7.814404534022512,NA,-4.565628108711555,PZ,-0.43514306853137136,0.5797813080785734
-6.847343800463918,NA,-1.0793495236777755,PZ,0.13364528977770052,-0.13881079988105405
-6.576835600404758,NA,-1.321793201471214,PZ,0.4338623132887392,0.07422960189253658
-5.485450405836875,NA,-1.7712032679360157,PZ,-0.5940745602688956,1.078776753533009
-4.623056852053097,NA,-2.4489480220014395,PZ,1.3023439704491195,-0.4566660078216569
-5.920306910998848,NA,-1.6792418030196998,PZ,0.7821167452398751,0.7707297041166556
-5.338549034290946,NA,-1.2393513045391198,PZ,0.14404452755344158,-0.8664231136732984
-6.879836233718628,NA,-1.5120009593411314,PZ,-0.532884406596333,0.8097019574559272
-8.154474111133375,NA,-1.613806058174492,PZ,0.4796693513628192,-0.1694536987715899
-5.460797370553711,NA,-3.9232995925198626,PZ,1.372053064866658,0.9249817125684539
-5.235847098594099,NA,-4.239009347267455,PZ,-0.9051061553639338,-1.107505363996837
-6.56221945326989,NA,-3.0076044954635144,PZ,0.9273251286608041,-1.5964546929942527
-6.607732366737163,NA,-2.118013092101416,PZ,-1.2356339840116228,-0.8990296542912479
-7.302752349804658,NA,-1.2548623750174819,PZ,0.015880995256356112,-0.5034736576188433
-5.799823338038278,NA,-2.422904615869962,PZ,-0.6994473162423318,1.2149788442213854
-4.0977378190532345,NA,-5.065227252987358,PZ,1.1995729969127686,-1.7418034083828533
-10.903092656642979,NA,-3.266575900304221,PZ,-0.7232829217302184,-1.0504932490587104
-5.725225820578517,NA,-2.9015506286616572,PZ,0.6121181699256022,-0.3051784544065424
-8.617575068779196,NA,-2.598982321472912,PZ,0.688370751908884,1.2848267505394249
-4.232198659112612,NA,-3.059988947853107,PZ,-0.32179992047582695,1.3369911818697164
-4.824164999913558,NA,-3.3098824969642373,PZ,-0.018456029610707525,0.47331182341505973
-5.0386036889812225,NA,-1.5716951087215216,PZ,-0.6213726551642714,-0.951268508415964
-3.93884736306498,NA,-1.861233692869478,PZ,-0.5399678919718116,0.2796197658157358
-7.266998057708362,NA,-2.939117468957469,PZ,-0.6032443729164974,-1.1446743101633872
-7.808395270398423,NA,-2.1460728219378002,PZ,0.779797017678661,-0.1623380666648701
-5.524746997958396,NA,-1.087117593572771,PZ,0.565231092374342,-0.2640240504916965
-5.411909245591779,NA,-1.9845134042515937,PZ,-0.14642343169679994,1.0818928046543674
-5.714096532336661,NA,-1.6304515458335898,PZ,-0.568843594739127,-0.9737095775077731
-5.190223176676719,NA,-2.588627598302803,PZ,0.8839216684280223,-1.6387635815903874
-6.113073543754251,NA,-1.7608180643812168,PZ,0.37009386325977645,0.6570917863710157
-8.227593567340056,NA,-6.528914568272075,PZ,-3.0299013812188584,1.0232384021696572
-4.644773548483334,NA,-3.1284896202094896,PZ,0.6060190928702699,-0.526900649076712
-4.550020792838767,NA,-3.739743061879791,PZ,-1.9489542628823484,-1.148124648807071
-4.309626628541843,NA,-1.6480157941052345,PZ,-0.540593115936997,0.16801674744603456
-11.191198938014606,NA,-2.9478107491567456,PZ,0.32480395740530343,0.3052996285368619
-12.10999805681654,NA,-4.837937143203548,PZ,0.0797406433204681,-1.4998039208645084
-8.51928052821348,NA,-4.122465466762572,PZ,-0.6067000050333047,-2.02651375987264
-5.1596731081066585,NA,-1.2893321682000427,PZ,-0.3508700343270544,0.40239142070193806
-7.529570532531668,NA,-3.9370610457386257,PZ,-1.7779059232358092,1.2508361916827244
-4.501532868635016,NA,-5.071526680465018,PZ,0.9797056260142011,-1.1915208317527184
-7.687953333378774,NA,-2.094170049029769,PZ,-0.008116304678583014,-0.6864673168642705
-7.687912551381102,NA,-1.7186114738623952,PZ,-0.14261863529321456,0.7749117592357425
-3.7566916678849562,NA,-2.0510617360866403,PZ,-0.4597358489208567,-0.7036283151065525
-6.895754002500699,NA,-1.5705759788960691,PZ,0.9956646664039077,0.02682236647575316
-7.3992577634796355,NA,-3.0672098054659855,PZ,1.8415659542913756,0.2831782491924175
-9.809300881808467,NA,-3.3743201314727247,PZ,-1.5951366666907996,-0.5465649095710436
-10.175199178999295,NA,-7.101223198722021,PZ,-0.6915787117897582,-1.6206909807589764
-5.445537567097501,NA,-1.3934720447750388,PZ,0.7356244395877632,0.33395964926420096
-6.467162771484481,NA,-3.1671924325946605,PZ,-1.783107252351523,0.7933521716452054
-5.093848691173745,NA,-2.1174205713694936,PZ,-1.3202899039834575,0.5283477477046328
-6.838023732795813,NA,-3.1564773915439743,PZ,1.6607324772814263,-1.2422451965571806
-12.838888371533422,NA,-3.34805229319405,PZ,-0.28430782143464606,0.14210431830200576
-9.944899445014633,NA,-2.994260622821437,PZ,-0.0012889067401046228,-1.0126286241346596
-11.142846213084642,NA,-3.049511372371521,PZ,0.5499235568072525,0.75204846908853
-12.133291115084955,NA,-3.3413830716397905,PZ,0.006968740436448646,-0.006364232931514557
-12.52287255180616,NA,-3.4044170176877655,PZ,0.14765855441820785,0.15301560524506458
-4.791677988823996,NA,-4.497385011778941,PZ,-0.20745340830060438,-0.29903496299522647
-6.962933404230233,NA,-1.622802579464256,PZ,-0.3737506400249271,0.9885143185531532
-8.563443455948063,NA,-3.197783982651173,PZ,0.24854576529072403,1.4252804211529442
-8.001031018997695,NA,-2.335329713374837,PZ,1.3094640496423104,-0.11779321075296889
-6.433456131156227,NA,-2.1010012997146066,PZ,1.2497570399590936,-0.6665125088711069
-5.836349381612196,NA,-1.4994645735925594,PZ,0.2662186380796064,-1.0672880276483567
-11.97118933401501,NA,-3.9950383599639343,PZ,-0.1656412531089705,-0.6170317538280863
-4.600420350368607,NA,-2.856679065005895,PZ,-0.2979218334699286,1.0405477157107013
-3.6059369402440686,NA,-1.9743252734491672,PZ,-0.5472931598120262,-0.3086419928122701
-6.358318797259847,NA,-6.832713247568885,PZ,-0.3478132354623415,3.1167116408344784
-7.264577826528002,NA,-2.416094070007668,PZ,-1.2174439245976063,-1.0207374029206016
-7.920858705915234,NA,-2.938327005302444,PZ,-0.9706846522893277,-1.5275534762395926
-4.838553393251137,NA,-2.1662542845607233,PZ,0.3970302458444247,0.17653349125416934
-8.450353976161052,NA,-1.9317659333908335,PZ,-0.2843782172495516,-0.4942155038563859
-5.411909245591779,NA,-1.9845134042515937,PZ,-0.14642343169679994,1.0818928046543674
-10.112141340454306,NA,-3.2886526056209777,PZ,-1.0175569351904623,-0.8122093461386637
-5.48457386973342,NA,-1.4663050736785728,PZ,0.983949018105151,-0.06696824742601115
-7.70151927901528,NA,-1.5911074445794682,PZ,-0.37825183496367687,-0.05964513985283676
-4.354798669921759,NA,-2.2360037525525414,PZ,-1.179919565116619,-0.44216699094147355
-9.869030596651376,NA,-2.9088517612165745,PZ,-0.07311590222676845,-1.3495615999739061
-9.388729772801938,NA,-4.614613326867925,PZ,1.1592695891348057,-1.8110259972447955
-5.845787595278963,NA,-1.5469651853948716,PZ,0.7958603019056438,-0.7376547653311336
-7.040940852412407,NA,-2.112376850583958,PZ,-0.32328933216959876,1.3521524132098515
-12.512486160863329,NA,-8.093544540180648,PZ,-2.783607684768223,1.2253630265724813
-13.107942856831178,NA,-6.045139815865423,PZ,1.8353833020127663,-0.1344116401467923
-4.042593986106757,NA,-4.3906210006595545,PZ,0.4320823412827617,0.8700069091930689
-11.720552090041915,NA,-4.077851778038231,PZ,0.09569503334320706,-0.2530507395926192
-5.244171848650356,NA,-1.4393147972770763,PZ,0.6108135097611334,-0.7650889291368643
-3.8963648033131246,NA,-2.580311912449002,PZ,-0.9449578115366595,-0.5616492804255531
-8.125371439586509,NA,-1.6035951983231513,PZ,0.1468015183146555,-0.6636427597095425
-7.082014181084808,NA,-1.772666600494195,PZ,0.9947341273101993,-0.32583524431610467
-3.5546756334118648,NA,-2.8478867900880096,PZ,-0.6067859985858108,-0.6314812753055116
-7.992873759064414,NA,-3.524261615104285,PZ,1.285125343403733,-1.4116479145788365
-4.043333688762278,NA,-1.9583321937973264,PZ,-0.5194911904678099,-0.09631827802971368
-4.165162261961079,NA,-2.485223745734118,PZ,0.2124204186409207,-0.6203561271277946
-6.618303247491806,NA,-1.493539000733993,PZ,0.7895311119235607,0.35442221287173936
-10.464246646245165,NA,-3.7287297835724758,PZ,-1.6250497158461463,-0.028136783509203317
-11.630522663735235,NA,-4.94823216518292,PZ,0.11528737980024983,-1.7044407390606449
-7.071567147886546,NA,-1.7354398340638275,PZ,0.6643225918467455,-0.7600348954368221
-5.950528759028386,NA,-1.5778918154428867,PZ,-0.8381714705561916,-0.6809421936336881
-6.356871193871285,NA,-2.3990469343246685,PZ,1.1973279551705525,1.0122898564194807
-6.767862399073644,NA,-1.4609924823390605,PZ,-0.7404542774265257,0.38885654854727836
-9.004395437237902,NA,-5.082945993426638,PZ,-0.24670488984408082,-1.0643605940335048
-5.686516864080572,NA,-3.5582134052093535,PZ,2.0138988208792776,0.39390209434299983
-6.863456720875568,NA,-1.5823484351276669,PZ,0.9159810455456135,0.4187159740651704
-8.302106333172269,NA,-2.3627525517966883,PZ,-0.08943675143840146,-0.8708593602073583
-10.002578460389804,NA,-3.1701721891243437,PZ,0.5449583025936808,1.4213170169440912
-5.855161139742044,NA,-2.530017522645207,PZ,0.882598212508243,0.5319402923955519
-4.386069313756349,NA,-1.6639225193971166,PZ,-0.7215910627270996,-0.43783028082404313
-5.823065578516443,NA,-1.919906587156572,PZ,-0.5441810375239788,0.422543799405813
-12.603023534299494,NA,-4.386819830140706,PZ,1.2372453478595036,0.6046566359993045
-11.30246538766984,NA,-4.822408279428238,PZ,1.9559638226988005,0.627100067683867
-6.6986969640504475,NA,-2.2256905564653726,PZ,-0.3276533726498329,-0.5085714993019892
-8.56782011489302,NA,-4.642996115096613,PZ,-0.031150371622951534,1.3013337329356434
-10.834747936588915,NA,-2.4817926739486005,PZ,-0.4663432242934906,0.20775497159912193
-4.230724006972496,NA,-2.6893926513894995,PZ,0.56640834717664,-0.26783979461697094
-6.376088189923274,NA,-4.898938696370299,PZ,-2.142727527504471,1.686136397886574
-8.72369340342368,NA,-3.035323362603358,PZ,-0.6733295525488018,-0.7405509003855992
-6.6172151163444735,NA,-2.1937552109894503,PZ,-0.8287971507319303,0.3609661507845847
-4.827005609482472,NA,-2.0211899177241364,PZ,-0.022332653122696666,0.9322751717259887
-7.566099458416902,NA,-2.2181644892487213,PZ,1.0491018280264877,0.4895880715279538
-5.8579574699200005,NA,-1.2025076270657464,PZ,0.7628801303096707,-0.1754580955349987
-6.313921082584667,NA,-1.0718290915518323,PZ,-0.5669351398814203,0.011229246173348646
-5.439226391258139,NA,-3.6114258816477482,PZ,-2.0852357247761644,0.7876622087805809
-6.431869443096828,NA,-6.631000236529131,PZ,-3.2444163601161238,-0.7036773639609948
-9.0801099849945075,NA,-3.035000055047896,PZ,-1.1464479862073502,0.8952772966823803
-6.84895598438406,NA,-3.3816083227043334,PZ,1.9213140848003718,3.3008119555994354e-4
-4.655336149145386,NA,-1.5178971452014407,PZ,0.4326530824541504,-0.9855998449385548
-7.170307646266155,NA,-1.7457564612414624,PZ,-0.6241537032875835,0.7474446464231199
-5.698668134576367,NA,-2.3872341098471312,PZ,0.18171058136822912,0.5065662589543221
-12.349854784209183,NA,-5.171584084580441,PZ,1.0512399702761952,1.1847815272368667
-3.3027443971105437,NA,-4.833859801868136,PZ,-1.8861271299513374,-0.823405164747242
-5.978864391496279,NA,-2.0693565979119493,PZ,0.527543440868721,1.0084274945257756
-6.223601037913471,NA,-2.5819738307083493,PZ,-1.801445363210373,-0.1674413164481625
-2.9031792679004793,NA,-4.603463091239523,PZ,-1.2691237654917973,-0.6597082637314655
-4.454981273037392,NA,-1.8377575175507856,PZ,-0.8017979121441312,0.37869973202196117
-8.593828770753468,NA,-4.1952466245444615,PZ,1.0455805329795647,1.4799705043384543
-6.881707331812013,NA,-2.5607436036198634,PZ,0.3350640694782575,-0.346027258277393
-5.664428631770449,NA,-4.166655047818636,PZ,2.374129585269966,-0.13418154318772962
-8.207034721339506,NA,-2.5698338597618138,PZ,0.4425329084799957,1.1799972936177732
-6.4333367885829364,NA,-2.0289623339002874,PZ,0.0299926512620613,-1.4575077240239493
-5.21066909534907,NA,-0.9199729224071274,PZ,0.041313635516573716,-0.22168718233829057
-8.288187573544864,NA,-3.31500465845136,PZ,0.3301184175359957,-1.493220844719446
-5.245526965848433,NA,-4.078269063807669,PZ,-1.8458148729281358,1.4542764802793078
-4.636706429285126,NA,-2.560872579175932,PZ,-1.3576357212992274,-1.0837607285087296
-7.233677433339587,NA,-2.454801232448199,PZ,0.17957356764778215,1.565684562223467
-9.029767401222166,NA,-2.523758631622877,PZ,1.129717182796118,-0.5031771227202497
-4.489542733973975,NA,-1.5136540237453007,PZ,0.44136682089763835,-0.8460811517280207
-13.0643220717988,NA,-4.399446494894537,PZ,1.2001665387524094,0.6881859497189935
-5.33803407530474,NA,-1.9113387972648326,PZ,-0.41326257448850595,0.39161918934459206
-7.245789772230402,NA,-1.5706626086375222,PZ,-0.7826651883738839,0.4620557115782492
-9.764457007442688,NA,-2.653559341317772,PZ,-1.1737581943116357,0.07610064612982495
-5.2535787818484545,NA,-1.9101581093709261,PZ,0.1952574846209079,-0.8447340964598098
-12.292969673819231,NA,-4.826949334766178,PZ,-1.6943398657627362,0.853638064821662
-7.851281077539453,NA,-1.8180864758980002,PZ,-1.0283790300066795,0.0706286358905564
-5.996063276527455,NA,-1.9083392784162858,PZ,-1.2128320755644175,0.021099185115726504
-5.867534014991788,NA,-2.5161001991880556,PZ,-1.1817789638493281,0.05221286112258261
-6.144469376306756,NA,-2.741711546227897,PZ,-0.9328250449084494,0.19252095328071794
-7.186046462612669,NA,-2.1609295565929263,PZ,-0.44301647713930514,-0.7449457286678913
-5.628510895391509,NA,-3.6759497654968705,PZ,0.7238925078606141,1.7431596966849996
-7.074150321471272,NA,-3.390518001488564,PZ,-0.5292238758864186,-1.678321227611956
-6.527745289123839,NA,-3.125192392464733,PZ,1.3712825791637502,-0.8856799733444234
-6.30091079459852,NA,-1.7987158095348683,PZ,-1.1506692898727768,0.5291175852527648
-7.631092965756188,NA,-2.9457911468363553,PZ,1.5417502538551857,-0.19116825294546252
-7.837389592995564,NA,-2.2502051573335797,PZ,1.0183512521084988,0.1467487360859362
-11.634493424423553,NA,-4.653757765793522,PZ,-1.8741461642924404,-0.601071658383626
-10.092310847778128,NA,-2.830041892341935,PZ,-0.604977870814048,0.7176693199612119
-5.7180646865681855,NA,-5.244741558910496,PZ,1.1036275640800426,0.05346705082232034
-11.591134765912537,NA,-3.1779890889151456,PZ,-0.4703376374230508,-0.10887457916708679
-9.643232308793335,NA,-2.7802814325663125,PZ,-0.8863383540672376,-0.9072226788848905
-5.460797370553711,NA,-3.9232995925198626,PZ,1.372053064866658,0.9249817125684539
-8.042698636426964,NA,-2.5918345961609015,PZ,1.2824059379336399,0.7422935429433581
-5.535996460501258,NA,-0.9484132995404959,PZ,-0.24507411150339192,-0.3956520944441869
-4.331211650192614,NA,-2.0323502120876165,PZ,-1.3163453916337926,0.0016860084232218076
-5.698581677488927,NA,-2.2892694929774047,PZ,0.29468938997149174,-1.609711582246712
1.6524801748187525,NA,-34.445364525651925,PC1,-0.902377586335801,-1.4086871485887085
1.7534037510519536,NA,-31.618956784389137,PC1,-0.873379289966304,-1.5918503979166454
1.859491645450719,NA,-30.88832461897055,PC1,-1.8684556967285504,-0.5854168236974948
2.072694210172721,NA,-32.30776648402986,PC1,-1.495005606326829,-0.41041334868683976
1.4687262686721723,NA,-33.345030193101756,PC1,-2.2067529372777,0.37809247785410155
1.7823258320304574,NA,-31.050751879933483,PC1,-0.3860333108443984,-1.4209245981794736
1.3994012648757896,NA,-32.79557066398037,PC1,-2.011303665091992,-0.014138399838942745
2.118918981756459,NA,-31.396267620593843,PC1,0.025887489770700017,-1.8207481649098605
2.3265146748536383,NA,-33.14490403921894,PC1,-2.503525966827974,-0.44235630359282047
2.3054648068946677,NA,-31.992007525649054,PC1,-1.9875777953928586,-0.3510206864726039
1.9946102690022607,NA,-32.652898420272386,PC1,-2.204497910373641,-0.01532017568831373
2.0677729085537373,NA,-30.0961639200653,PC1,-0.9789716743254265,-1.0016563298352732
2.238057750068589,NA,-32.79394479557587,PC1,-1.8335268580614672,-0.30753513303640767
2.0828087934485167,NA,-34.37389120778526,PC1,0.7289432123922528,-1.2124772020591523
1.6924301020050472,NA,-31.228652925797793,PC1,-1.0009230568352039,-0.5667646199862614
2.6617096727642107,NA,-30.99676638881645,PC1,-1.196927142136123,-1.6345987540618023
2.018038955004394,NA,-29.89611398958612,PC1,-1.10957829604149,-1.2140995099963123
2.7362795877769286,NA,-33.569744819989666,PC1,-2.1415996019766697,-1.7666532731211366
2.3193702792833104,NA,-33.014003645810114,PC1,-2.115477244728101,-1.3171038105156612
1.8941852714618241,NA,-30.1479278850644,PC1,-0.8898461654558253,-0.6453666179113067
1.801684548706822,NA,-30.391698476588466,PC1,-0.435935511325144,-1.2631369102395562
2.4560125971420375,NA,-30.841562468131336,PC1,-0.5194063666370772,-1.755910614450525
1.4822716799156341,NA,-30.80507600156512,PC1,-1.3291163055764814,-0.6616474937532433
2.1886760638468603,NA,-31.210224457046593,PC1,0.04819506148346814,-1.6541899054804612
2.010663127024084,NA,-32.2539232973874,PC1,-0.7077319816948282,-1.966001410757574
2.507666971042441,NA,-32.58631589223811,PC1,-2.387746638435163,-0.8747869441029088
1.2520142383544044,NA,-32.998154363258045,PC1,-1.5832891133690927,-0.516112248124794
2.2471211431150753,NA,-30.561505174003745,PC1,-1.152034934038619,-1.6060525721879366
1.8582796421813024,NA,-30.80115675109129,PC1,-1.0545347432602519,-0.6301351823018931
2.385784811762747,NA,-30.474547226075508,PC1,-0.7695894718359405,-1.2859044960260286
1.1990457916048427,NA,-32.73852142671087,PC1,-1.464101862428108,0.27332188906720517
2.883738973947112,NA,-31.737081095669346,PC1,-1.2030407567612569,-1.9384870357102086
0.9584309197158924,NA,-35.47427622616495,PC1,-1.2215318375310555,-0.8852148685462924
2.5264121385816996,NA,-30.897242414653004,PC1,-0.8129654632824529,-1.7005847525296445
1.8332727323933264,NA,-30.545153955476923,PC1,-0.29092337040301935,-1.2845912859534547
1.7215560135932961,NA,-32.030748229883116,PC1,-2.2083606858147,-0.17447125394938612
1.7728318418279831,NA,-31.700637980768576,PC1,-1.443190826211305,0.058539929872223284
1.8487432727083724,NA,-30.93860165525631,PC1,-0.32350015566478574,-1.0758801403069949
2.3300020572942035,NA,-33.343869160265065,PC1,-0.5589404458440892,-2.3561817917045897
1.752656747754011,NA,-30.36781184571708,PC1,-0.81419901194899,-1.2766077437727381
2.3347154506742998,NA,-30.511208877176507,PC1,-1.5468159860393136,-1.0171134361905294
2.392690163155743,NA,-30.47146316094949,PC1,-0.5766484637503437,-1.681818992866254
1.446197545086801,NA,-31.57160681038805,PC1,-0.7742141728475069,-1.0046010393645728
2.487450613621309,NA,-35.70278345039152,PC1,0.4697136076639632,-2.846372697996451
2.7611027078760078,NA,-31.37672342829248,PC1,-0.7658417536694191,-1.6726836770702054
1.7447766262148818,NA,-30.761220255759678,PC1,-0.47094059076105943,-1.0388635237931159
1.779468382696526,NA,-33.672009985059724,PC1,-1.2237471160184596,0.32735454062794567
1.6622251142832671,NA,-30.962607552757326,PC1,-1.100461390349336,-0.7735791816988978
2.111171432756952,NA,-30.326798207686352,PC1,-0.7843366565999625,-1.3511455174422107
1.9257678322654153,NA,-32.142906918043685,PC1,-0.06927256737540252,-1.403507358484606
2.4385458237951942,NA,-31.34483558368094,PC1,-0.531708586725344,-1.7117221127823898
1.9494721793139491,NA,-29.838169890702314,PC1,-0.804199292593262,-1.2177576168189967
1.9101696959959695,NA,-30.788151938979187,PC1,-0.3281242680445338,-1.179624354028264
2.1264481315510126,NA,-31.530606471431707,PC1,-1.7421315842449436,-1.435950198484268
2.7626499105721765,NA,-33.27431968601007,PC1,-2.412798785164394,-1.1610804648491433
1.4586259310331064,NA,-31.06759112239814,PC1,-0.5989990786561173,-1.0840063908155986
1.5061387708516447,NA,-31.185962838376103,PC1,-0.2244349273503633,-1.162684363515991
2.0720057292391707,NA,-30.488222601473744,PC1,-0.43631415401215023,-1.1215240925871326
1.5097122408187869,NA,-30.93222330510415,PC1,-0.6041793146205179,-1.1225158177804424
1.4828138985974622,NA,-30.832264345684152,PC1,-1.0535072266934526,-0.9132829417493553
2.4091726550314334,NA,-30.95941995302933,PC1,-0.7904330109987685,-1.0723775986993436
2.794922473746892,NA,-32.2917522354122,PC1,-1.284291940954169,-1.543893521602197
1.431667202458109,NA,-33.01500088692031,PC1,0.09673509380522805,-0.38807099904988873
2.133145549758978,NA,-30.24821692709693,PC1,-1.1394130460591638,-1.4193172907115335
2.030293136926365,NA,-30.913037787591495,PC1,-0.5708060726219424,-1.225091412153966
2.6680111980745003,NA,-31.753182572362256,PC1,-1.393327505772779,-1.9133077956896578
1.4252260914528145,NA,-31.560643523512272,PC1,-1.0332385823805437,-0.045307275428825844
3.772370381708185,NA,-37.06663555856211,PC1,-0.8474800698269389,-2.023774366327709
1.8021095687955386,NA,-31.947893888683414,PC1,0.27899648450077746,-1.4926614403681449
1.1382375289926916,NA,-32.13983916515201,PC1,-0.5300972052236791,-0.38813703526626575
2.3616049283065683,NA,-30.6165861494968,PC1,-1.097377473375835,-1.254968492214389
2.073093599279987,NA,-33.78411407262643,PC1,-0.1183570315400857,-2.190277337817088
1.8047421166193418,NA,-32.11132917097708,PC1,-0.04925790223690421,-1.5772693247418212
1.748618352945295,NA,-30.63994149163483,PC1,-0.6906917597032073,-0.9779385852185343
1.9988221227967375,NA,-30.200091218963788,PC1,-1.1329825966974227,-1.308414103583074
1.8409195421500482,NA,-31.304253447522182,PC1,-1.1832189165981193,-1.4436712167028787
1.8327192012617068,NA,-31.684929253355715,PC1,-1.5745704296987446,-0.8545486602155837
1.9721569182514345,NA,-32.221282536023374,PC1,-1.53365299420662,-0.38595719821952973
2.7384545297674308,NA,-31.867189188644648,PC1,-0.6269258165575227,-1.9053452492340368
1.5042358713882515,NA,-31.06587075052983,PC1,-0.42877434187503927,-0.9311054832319959
1.7237790460369617,NA,-31.62626871558464,PC1,0.2429860637974096,-1.2706537508586517
2.64580041281877,NA,-31.033653204182116,PC1,-0.8467111666480895,-1.634446128131454
2.0629551325655506,NA,-33.95506543311893,PC1,-0.7306666044018992,-0.81367383491638
1.8931445281967934,NA,-32.3147029709301,PC1,-2.256760771333547,-0.5486386400702242
2.033710331001061,NA,-30.780111179005935,PC1,-0.387637231226469,-1.6887992443898447
2.042952634067536,NA,-32.01174605406771,PC1,0.11933669615283692,-1.1377500429589866
3.058576376144214,NA,-33.062505585926814,PC1,-1.008223710252417,-2.4322498524334253
2.6412212998352556,NA,-30.98322982122553,PC1,-1.4065563374613277,-1.5553850773508868
1.9835442272986614,NA,-30.618236041088263,PC1,-0.7949503430555999,-1.599544150479821
2.519116504181418,NA,-31.208579860697792,PC1,-1.227661141048867,-1.8641810535184167
1.729995532856923,NA,-31.06617858441091,PC1,-0.9206797035474222,-0.22418690940299643
2.966174989116109,NA,-33.03126804101323,PC1,-1.301956743317506,-1.8999148736855525
1.509465594981918,NA,-33.575613349549585,PC1,0.06363086815413976,-0.32653444653870733
2.366291545576324,NA,-33.32182216359922,PC1,-2.6068985109679117,-0.6995918016411238
2.35297429448379,NA,-32.65989609293617,PC1,-0.5994601345313292,-1.096063658230794
2.222854804607531,NA,-31.69028214969534,PC1,0.16234167209353706,-1.4592022577349013
2.0403172030174304,NA,-30.915489335678807,PC1,-0.7480129057160466,-0.5932518608198403
2.495706121624687,NA,-30.61120564844513,PC1,-1.1268292343056805,-1.6787180667625081
2.38541849571504,NA,-32.258567631580675,PC1,0.11154508004064412,-2.1710750995094017
2.4772325128283743,NA,-30.66506449648728,PC1,-0.8310910499225556,-1.291980024312702
2.3665876829808457,NA,-30.92793681234136,PC1,-0.43142367411408133,-1.7351168469599347
2.5756466351558394,NA,-34.006431038185426,PC1,-0.3486827655438717,-2.6560138328656726
1.9981863051860154,NA,-30.227703008908627,PC1,-1.4945348427978133,-0.728535107690947
1.2503756541502848,NA,-32.49390819434607,PC1,-0.6619445852632613,-0.5370910913998136
2.2828981253753313,NA,-30.877588485261175,PC1,-0.35945997523631024,-1.6352766513065093
1.9569540743024056,NA,-33.45901419629767,PC1,-0.7235446104075054,-1.728111864677659
1.607739398587919,NA,-30.366478798483033,PC1,-0.7527910296223238,-1.0232589556567613
1.9117370700858873,NA,-30.727549934893084,PC1,-1.2618484145027096,-0.3177919203686331
2.226170954768848,NA,-33.434241963824434,PC1,-1.805741029881684,-1.3171623780623585
1.8628054964198386,NA,-32.2489089775532,PC1,-0.14078823210362895,-1.9501449040025705
2.168758975659069,NA,-30.09679439328441,PC1,-0.9835832469524282,-0.8872312440663077
2.2192177076844106,NA,-31.311685864896642,PC1,-1.4148069516828672,-1.5501334748415623
2.5643117502690798,NA,-31.750017302497575,PC1,-1.8963228429472583,-0.781300011482886
1.9914480779871049,NA,-31.294471173378998,PC1,-0.9171088231411527,-0.6066224844491851
2.5099706333551133,NA,-32.73250929331766,PC1,-0.2675831897722295,-1.700990229699557
2.1628948274172974,NA,-31.416470342741018,PC1,-1.2545974775119513,-1.0045480349477156
2.270490927569554,NA,-32.93078144697304,PC1,-0.18807168678577754,-2.3551824469623908
1.1825044689653625,NA,-33.17455624120796,PC1,-0.37149365909906495,-1.1351653809155522
1.7100703979639666,NA,-31.53254652343838,PC1,-1.7103459721524028,0.005490192292699647
2.2536510376089742,NA,-32.742929376023966,PC1,-2.0118461189318326,-1.4439431409317232
1.9461403692553436,NA,-30.20884713296582,PC1,-0.819994993538804,-1.4365676329666361
2.3218774091019148,NA,-30.585450396480056,PC1,-0.7243413399943396,-1.5222223717376804
2.5474113230849618,NA,-30.885862732900733,PC1,-1.3303790916439295,-1.5405930765503277
1.5598291515121339,NA,-30.845583289451586,PC1,-0.5359360280059424,-1.141122744830163
2.299803397103017,NA,-31.629629128881458,PC1,-0.7448394778424153,-1.7666360842578062
2.4650950124997935,NA,-31.81922867489505,PC1,-0.4736521213539472,-1.2567585362174472
2.815065645455979,NA,-34.04684437146198,PC1,-1.6787649285189332,-1.5195079909753613
2.5404635786214365,NA,-32.90054745697742,PC1,-0.8390242484424243,-2.101315760804566
1.4481692923586427,NA,-30.763027295812563,PC1,-0.5250889559062677,-0.8528579960464764
1.7526635051403283,NA,-31.200497745612676,PC1,-1.0438540810170789,-1.4470715602679316
2.594131711423991,NA,-31.562425086952075,PC1,-0.8660629018331722,-1.864326558951922
2.1165172196891677,NA,-30.375785049878594,PC1,-0.55184582383514,-1.4097932475508794
2.1760639494535234,NA,-30.46198000768794,PC1,-0.8661268287126407,-0.8051394693393996
2.2534987815999092,NA,-30.9179641076232,PC1,-1.5137253762756322,-1.0955202559639976
2.4829289153363656,NA,-30.58413086074613,PC1,-0.8548716697349605,-1.3375671901917192
2.0594291393523356,NA,-31.690472429189864,PC1,-0.626663147373542,-1.1955461118189696
2.1541240682348772,NA,-29.97728121255281,PC1,-0.781870085364984,-1.0770468796348687
2.106273856785969,NA,-29.858172403785062,PC1,-1.1708444136855252,-1.1765771205234423
1.757637785372517,NA,-32.37035864595438,PC1,-1.3622201948859831,-0.5423059242117065
1.9528374631403367,NA,-30.93761737707877,PC1,-0.1760663348440221,-0.9507267428558491
1.9305006345172366,NA,-31.43229201845435,PC1,-0.47625419807039293,-1.0916686866478333
2.792158910471585,NA,-32.25049348859169,PC1,-0.9668927154218818,-2.173395956746959
2.3217416996220637,NA,-30.714635288224624,PC1,-1.6736818597314218,-0.8003345955953239
1.6414261102338912,NA,-30.579921571606043,PC1,-0.841610461573738,-0.7633499656055502
1.5417178366306472,NA,-31.585361912882625,PC1,-0.19633165764259974,-0.9068528698332348
1.1807952618462074,NA,-32.346577011306266,PC1,-0.5362420938278145,-0.30444054000168774
1.9429886041617666,NA,-32.480727732231294,PC1,-1.5459508854060235,-1.614926585341432
2.562316101610335,NA,-31.49769211502304,PC1,-1.839757403213382,-1.429719639235152
1.1259162379427328,NA,-33.85290057728359,PC1,0.2480733085845067,-1.0331148668306227
1.758688062119148,NA,-29.954100511325368,PC1,-0.7879402119149932,-1.0635553844726031
1.9340564384447796,NA,-31.592716269389438,PC1,0.25684189314821737,-1.5353733986902935
1.9536170523148035,NA,-31.093065038933013,PC1,-1.3151938492941189,-0.32745201053285944
2.5291744544059527,NA,-31.8472856882871,PC1,-0.4138783743738942,-1.1787694187838889
1.8377912837732433,NA,-30.533144272194814,PC1,-1.435516344219129,-0.5215622753761446
1.828024262865066,NA,-30.17458551866441,PC1,-0.8590561726308115,-0.7174769742104867
2.2475211827534376,NA,-30.412899079285353,PC1,-0.49888360593016134,-1.199402392713803
2.007002762843908,NA,-30.469751742729464,PC1,-0.8872249256453342,-0.9360529839125558
1.3209382607461673,NA,-32.709820657731385,PC1,-0.08962243354533195,-0.5648265041956467
1.7634327931502478,NA,-30.741161765068064,PC1,-1.1631506594318552,-0.3962627697147074
0.997552463948947,NA,-35.43390071507055,PC1,0.38315916363728775,-1.106101770010341
1.3957646574917628,NA,-32.52550464109029,PC1,-1.1681760171494306,-0.13654862604073625
1.4439316866286236,NA,-32.566733073807754,PC1,0.3679780350941378,-1.1743138650435696
2.3842942643894953,NA,-31.208718800088878,PC1,-1.094967940977655,-1.6141180448165175
1.707952817494504,NA,-30.32750950011279,PC1,-0.6496358878668287,-1.0144156355391913
1.4866215256629056,NA,-31.45694863709749,PC1,-0.22817328206218462,-1.1127436665337107
2.409834813359715,NA,-31.72205664993887,PC1,-1.479052268788891,-0.5832353666669269
2.0007501472823783,NA,-31.492431645025604,PC1,-0.3229419599387854,-1.881462676491379
2.002273657037514,NA,-30.052342441923095,PC1,-1.0463659671837584,-0.862481747532788
1.612473399714941,NA,-32.513332493662375,PC1,-0.8439756518963053,-1.357969556660982
2.228041240366708,NA,-30.13219636184617,PC1,-0.7762535774392876,-1.21874703105201
1.8893736288475096,NA,-31.90685182368186,PC1,-0.6529865912658481,-1.8416498572818263
1.165950709064212,NA,-32.746805456678445,PC1,-0.19261620880683275,-0.6481571914043999
1.663069277502753,NA,-30.316599980832077,PC1,-0.9539264510477161,-0.6918163290149419
2.460578787782682,NA,-32.5243962637995,PC1,-1.635357638398941,-1.1992276532172368
2.5463022970063025,NA,-32.828259625744415,PC1,-0.2032515785373088,-2.076742690665555
2.2974325742785546,NA,-30.501153114704838,PC1,-0.8504290693182811,-1.6831856566059447
2.3511189346464016,NA,-31.272965754137154,PC1,-1.433365503939473,-1.560393914426927
1.815226620711018,NA,-30.410770959013032,PC1,-1.4052889164946865,-1.0513049609226046
2.0602635121844712,NA,-32.3245763930931,PC1,-0.3477552702847236,-0.5532093239530714
2.0004024797392357,NA,-30.20694087386007,PC1,-1.3040718384398613,-1.231527099730161
1.6639651788296344,NA,-31.024832456227397,PC1,-0.27405023535570217,-1.3789555292242757
2.398101940802796,NA,-30.89668883976176,PC1,-1.5798394859988405,-0.7922735623345618
1.9450551604523778,NA,-32.10787140095407,PC1,0.1444057693217783,-1.039780177503622
1.445779338026037,NA,-32.4655551461044,PC1,-0.2878920513375735,-1.4184569061156849
1.7939240609242761,NA,-34.61793331754849,PC1,-1.7631946798601177,-1.5677731855212214
2.6428155972904652,NA,-32.42417943798747,PC1,-1.4999889337577412,-0.7812233814964262
1.4010024430965968,NA,-31.11938882676467,PC1,-0.35738058120501437,-0.9191570351167879
1.8219697456694979,NA,-32.09325939414293,PC1,-1.4142338848781457,-1.200723747924264
2.5933870747609626,NA,-30.98758974965277,PC1,-1.240627449690549,-1.5606282112157344
1.5874300955639433,NA,-32.306621673342434,PC1,-0.4518203355961761,-0.12800274407324896
2.3457993751122492,NA,-30.611399367109083,PC1,-1.1519928074486299,-0.8638986521237672
2.204137432509654,NA,-31.873554975952537,PC1,-0.4679962543188606,-2.0234897120051083
1.9389504728101028,NA,-30.705802415023335,PC1,-0.8170527459655196,-1.3811547446775942
1.9888151332152808,NA,-31.858922324533847,PC1,-1.2123178780558417,-1.2750015909481358
2.213240388759347,NA,-30.926001620571828,PC1,-1.5985068711169597,-0.531505651714365
2.030904056806414,NA,-32.61390519127584,PC1,-0.4070201837173373,-0.444601788113612
1.4887990362991395,NA,-30.723005590573845,PC1,-0.6637043241323228,-0.7949307638561647
3.032427773969074,NA,-32.6222896648358,PC1,-1.4549404077528398,-1.80620658174192
2.759242600576142,NA,-31.400397336017363,PC1,-1.2620919226608165,-1.304822908635864
1.832154849258877,NA,-30.81710285989288,PC1,-1.1225426633731526,-1.3915832598039366
2.1520130690299477,NA,-30.336354136744102,PC1,-1.307871650471217,-0.7821522587917962
1.644712514886917,NA,-30.476984009344566,PC1,-0.7805975865311234,-0.4795358007331832
1.0503330027393523,NA,-33.83729297270165,PC1,-1.7871689793840795,-0.13042405506858779
1.9274641601541174,NA,-31.82904051450628,PC1,0.16139472669093874,-1.7727190703784166
2.610416184040707,NA,-31.29409090785476,PC1,-0.41016746813289284,-1.80213788867111
1.5351271903693744,NA,-31.480914496104997,PC1,-0.09190708337203657,-0.7594906972268815
2.533803235959983,NA,-33.38704407892111,PC1,-2.1431424494034386,-1.3044006218153963
2.0469416088468173,NA,-30.290977053883793,PC1,-0.44277214296358497,-1.541995423717819
2.565016575784319,NA,-31.328213344251015,PC1,-0.3760211550805657,-1.8927771085033802
1.9472287761771327,NA,-30.835941760065783,PC1,-0.4351919939485578,-1.0967905874126729
2.3352386625868484,NA,-30.520162089450995,PC1,-1.3813194237633224,-0.8382701126365772
1.3544461658519305,NA,-31.956456268553858,PC1,-0.3620470754625239,-0.473762555783516
2.3815968424857976,NA,-30.65610962315271,PC1,-0.5157446023163128,-1.750627189006043
1.6462308694553895,NA,-31.564990730950832,PC1,-1.7253632768308236,-0.7730894393306341
1.5539626802593007,NA,-31.674313002113124,PC1,-0.26601183304583886,-0.8264359517026431
2.422383942302953,NA,-31.847517392535828,PC1,-0.4342518752253143,-1.000372226461265
1.8675598568946354,NA,-30.179836453730193,PC1,-0.9767540620062289,-1.2088057720969716
2.437588597712728,NA,-32.4044900113055,PC1,-2.2657741720136935,-0.6763846312970682
2.706634592833992,NA,-35.10902404563531,PC1,-1.4501214433848988,-0.3128524536049067
1.9363696314319703,NA,-29.843708037294054,PC1,-1.060648095717362,-0.9175166723002154
2.7695861392493906,NA,-34.83916491970107,PC1,-2.780866882182661,-0.6315278643619395
1.6344702268181397,NA,-33.33533255972065,PC1,-1.4983826828932205,0.29572537674216143
1.8085748854460262,NA,-30.727866252831117,PC1,-1.463182078079254,-1.1255460831084614
2.7104740572564108,NA,-31.67165007925525,PC1,-1.0072090812457581,-1.6326306208555141
2.320869367200087,NA,-30.895442035086038,PC1,-0.3059294710446402,-1.3885198573097584
1.9535749095304207,NA,-31.211328491249525,PC1,-0.7975523631739003,-1.4723468808786917
2.0247574010644835,NA,-30.41846548052356,PC1,-1.5926238728346809,-0.9698907715359457
2.016534517955274,NA,-30.72875566035541,PC1,-1.0774057931018004,-0.4460615747530421
1.4506064306701945,NA,-31.64598239615168,PC1,-0.6560783917371779,-1.2016843133404917
1.8434813384938407,NA,-30.734223062878346,PC1,-0.20982735530558044,-1.348953386170812
1.4282003631411169,NA,-31.942022948990196,PC1,-1.2303970106711142,-0.5241537784102628
1.775430896459158,NA,-30.53683213577566,PC1,-0.6561323241906233,-1.0111025648108005
2.041066016232353,NA,-30.262941874259706,PC1,-0.3326696819537853,-1.251122428574872
2.164983189577703,NA,-30.56432820868316,PC1,-0.6843004926003244,-1.0567525271668345
1.9150648795517393,NA,-32.99937162271455,PC1,0.16089221750572757,-1.609028172146162
1.7609303585846843,NA,-31.353782759612447,PC1,0.14124188530624215,-1.1317407440635507
2.4324134262746537,NA,-31.842239910826585,PC1,-0.9804808583994415,-1.4858469558133094
2.612689041545491,NA,-31.57622090375467,PC1,-1.8932934373478154,-1.3048421700643922
1.8498922114289706,NA,-35.45956411252534,PC1,-2.943001975641086,-0.7424916418055623
2.3904356275591616,NA,-30.498569090012015,PC1,-0.7630877823278841,-1.4061903423165147
1.841855728141728,NA,-32.57424749469495,PC1,-1.4135580679832642,-0.9775977209735468
1.731072603281676,NA,-31.375816328803843,PC1,-1.8405418648685543,-0.8521392873448272
2.6961006919261115,NA,-34.76264446521643,PC1,-1.2357988248081824,-0.7632757348391032
1.5697018441690458,NA,-31.214053300277403,PC1,-1.0259129604944859,-0.35833927147939276
1.7645089991463911,NA,-32.1366578479103,PC1,-0.4475397788214768,-1.7973227428257028
1.6427457226653432,NA,-30.40402031982403,PC1,-1.0450570818480762,-0.9685728527566244
1.9063849418292174,NA,-30.944617689346064,PC1,-1.7220048728748083,-0.2648799959662411
2.504477794671648,NA,-32.112888832041676,PC1,-0.30599331466677065,-1.4924164502117203
1.9647364518772814,NA,-30.858339694279547,PC1,-0.4290098119581882,-1.5448353885076584
0.7828573190147697,NA,-37.380423414112734,PC1,-0.12946951340449875,-1.1374111334702004
1.5071575567829212,NA,-31.441551579981972,PC1,-0.3555781503980063,-0.47862263048097986
1.9100501057780943,NA,-30.892387780704432,PC1,-0.5894735588606822,-1.4466542978227626
1.911555287793841,NA,-29.828774993940105,PC1,-1.2165228217385666,-0.8395821102639677
2.0536488959852153,NA,-30.331703052340636,PC1,-0.6932451545779964,-1.524290386470226
2.355921243402146,NA,-31.03302758989039,PC1,-0.19145096388376243,-1.4691106472163462
2.3845908009963104,NA,-30.86749353728409,PC1,-1.2925466374430632,-0.8209004726462668
2.6435294659578994,NA,-35.988522897508325,PC1,-1.4465391793962286,-2.586834236378401
2.1465621297944124,NA,-33.339176495610296,PC1,0.25546704305496276,-2.2312186435955335
2.8032348984922644,NA,-32.2303336824437,PC1,-0.6391416831728897,-1.3674154116086956
2.0508549608385604,NA,-32.55992137087305,PC1,-0.4357623558104097,-0.6930991613544647
1.9898016072336109,NA,-29.843314359432963,PC1,-0.7932392690822443,-0.9484963482946187
2.128169341315312,NA,-30.234275680468425,PC1,-0.5384617279887216,-1.3982939745239602
2.0093100814520652,NA,-33.0627888750213,PC1,0.651591554489252,-1.6596244319591706
1.535221534883627,NA,-31.21094597724613,PC1,-0.7828422023566846,-0.48743362015380276
1.7069887154558698,NA,-31.182140214534265,PC1,-1.185450603127186,-0.22691706209223486
2.436655739103054,NA,-30.710527727951533,PC1,-1.2011639554211477,-1.662595986607942
1.5700433309738642,NA,-32.485543882647086,PC1,-0.6341845275438907,-0.22192558116315453
1.4916681323224623,NA,-30.95067523269818,PC1,-0.7719736116468635,-1.094766841163096
1.8988574959027191,NA,-30.15076709690734,PC1,-0.3743860864780643,-1.1891502632400701
1.9050281431402036,NA,-30.6421267244516,PC1,-1.0258950482539833,-0.4128843913433444
1.8491705005076102,NA,-31.338483176684765,PC1,-1.9283474070377802,-0.5371571871469983
1.6120248227039222,NA,-30.638320369470705,PC1,-1.1443239466290842,-0.42324314294519527
1.5645630751339206,NA,-31.92243118913738,PC1,-0.35842601063736773,-1.4219791485874484
0.9344159062098196,NA,-35.468187940743846,PC1,-0.6293073217822756,-0.5935971896915604
2.0261725217357633,NA,-31.676719902746022,PC1,-1.7987028623777839,-0.8032870767498774
2.347990097088826,NA,-30.36003336273754,PC1,-1.240248067210196,-0.998610632548226
1.6972054686305655,NA,-30.55752672399426,PC1,-1.3327434170957497,-0.38616037427993877
1.3420898366226293,NA,-32.93417502021021,PC1,-1.7110478494403827,-0.8063614096591554
0.9473171667199,NA,-33.57138979793922,PC1,-1.2889184236898494,-0.1621515247284705
1.7901386248830453,NA,-30.362168688134577,PC1,-1.3547713681887057,-0.42239258544573544
2.6792473257757288,NA,-31.005401527817494,PC1,-1.2535965232374204,-1.5195047811879334
2.0023214598477694,NA,-30.39386728497531,PC1,-1.6446567652121729,-0.7577924462839735
2.2067827467008216,NA,-30.73948620059637,PC1,-0.708145376005306,-0.8259629830688102
1.0111635820219085,NA,-35.203629171464044,PC1,0.3635592547018144,-1.0937323533051924
1.9097224193315796,NA,-30.107345213849268,PC1,-0.588773237136767,-1.12050951746974
2.5141860870440063,NA,-30.825039884036975,PC1,-0.6234306713763199,-1.366290709866446
1.6360932777947985,NA,-33.095284694449475,PC1,-2.24890755746123,-0.5207833727813721
2.9847843656687147,NA,-32.32534869910287,PC1,-1.220127008278284,-2.0828807769596214
1.807693259284133,NA,-31.53536659750593,PC1,0.20655321575864552,-1.4033616650144223
1.9755568379023516,NA,-30.538642909701665,PC1,-0.599625249020766,-1.449836331562317
1.8179386753488975,NA,-32.67235534909188,PC1,-1.8618334119803195,-1.212318630225499
1.7534548733810766,NA,-32.58641229292833,PC1,-1.314565933868714,-0.5316085577511198
1.9078158927869187,NA,-30.263834556536132,PC1,-0.3041565728145948,-1.1842335102900818
2.1891845176905766,NA,-34.29672277849241,PC1,-2.6003108168442246,-0.9333861714347138
2.2262077622538405,NA,-32.019566039621665,PC1,0.04928063444478337,-1.9428865897092351
1.6533782963864267,NA,-31.29354952788899,PC1,-0.06402123928481751,-0.777086918726601
1.9029746108934729,NA,-30.54754478215512,PC1,-1.1856876823286515,-0.47147551557989864
1.943982127949967,NA,-33.636439436772534,PC1,-1.5142730574192067,0.34278924152181345
2.797936443154696,NA,-37.114915894312645,PC1,-3.31809510942838,-0.658292326640576
2.1132879833002534,NA,-30.40833332717086,PC1,-1.1791438463961057,-0.7195682487117322
2.857324502380788,NA,-32.603022856642625,PC1,-1.6217819154656974,-1.2890500687788744
1.8023414546644017,NA,-30.539782638154758,PC1,-0.6058966878565708,-1.4340046783087874
2.717423368203883,NA,-31.744058343645612,PC1,-1.8269460717837709,-1.3482660650112663
2.2545652964158243,NA,-34.20923595170133,PC1,-1.772726312692306,-1.168701416220192
1.6591501290234916,NA,-34.79603608854113,PC1,-2.4759922557548046,0.18176595867157863
1.5221199718932925,NA,-32.58853165940935,PC1,-1.4824801595013661,-0.6161347562488949
2.275867417121345,NA,-31.150096319683712,PC1,-1.9437936648151837,-1.092532047190698
2.502997163101821,NA,-30.66271393616005,PC1,-1.28287963487884,-1.2267603647002854
1.5387620503806931,NA,-30.8367606361221,PC1,-0.6196093853259107,-1.1412673173281833
2.694704034806559,NA,-30.922153319728928,PC1,-1.1783136938476255,-1.6041048322963427
1.3289618560464542,NA,-32.221345327571285,PC1,-0.8363545568548633,-0.26837406002595987
1.7026421599339003,NA,-33.411417607533586,PC1,-1.0695200430926677,-0.31341271395353376
1.6458648035331955,NA,-31.227590644881126,PC1,-1.101425126533306,-0.19691587823588774
2.3945456292657394,NA,-30.792284053833704,PC1,-1.1138475813866706,-1.2454365291813076
2.4667300787229607,NA,-36.54137607996159,PC1,-3.335596635129973,-0.40640812734995757
1.7117309781070904,NA,-31.30317888137303,PC1,-0.08334873631133646,-0.9199428250713182
1.540584387660882,NA,-33.34201000531483,PC1,0.16738916987560068,-1.305947495416338
2.121366189020407,NA,-30.274770389634842,PC1,-1.4706274131455046,-0.6883818733340444
2.061653188492494,NA,-30.642499793650526,PC1,-0.2670678311306369,-1.1506480155877061
3.4358312355117073,NA,-34.107538675406225,PC1,-1.2681990269851362,-2.2733044449007664
1.4357600004311608,NA,-31.864207164128327,PC1,-1.7450445518219542,-0.5575682082017539
1.4203461110331208,NA,-32.034932034295984,PC1,-0.3512102598116489,-1.152751849021904
1.5194214401354416,NA,-33.779614445251696,PC1,-1.9042630115781631,0.5823158603486608
1.7327039117547616,NA,-31.46870068163898,PC1,-1.700888286707114,-0.19586904889441803
1.881782759599246,NA,-33.27455074735624,PC1,-1.3471175765088361,-1.3829287562773585
1.7638428981049725,NA,-30.82913663779083,PC1,-0.2715386837928817,-1.47942437908011
2.6403171062760986,NA,-33.150722107834085,PC1,-0.9313450068464484,-1.002097764159299
2.6009769251508463,NA,-30.81014734889246,PC1,-1.0724482422868133,-1.7509939055951524
1.9766156580529035,NA,-31.733808525104976,PC1,-2.2105050098213495,-0.7103602958428379
1.7191371893348693,NA,-30.582374086677042,PC1,-0.5606997326435189,-0.6837225781038438
1.4717075249719052,NA,-32.89639418046768,PC1,0.30054730413183584,-1.330241403574092
2.2118379952082683,NA,-30.866419212927973,PC1,-1.3197077348686552,-1.1526135797976633
2.3419404516633464,NA,-33.1274963599974,PC1,-0.7562209701228265,-1.0059506429396894
1.3412123182499192,NA,-32.03647120262548,PC1,-0.7352664251883761,-0.5058761734081385
1.9972544326577863,NA,-30.787468308066387,PC1,-0.14445504803440123,-1.1579735015571215
1.7767829024313508,NA,-31.575014948435012,PC1,-0.20825139243022356,-0.6414701180504856
2.520936451238156,NA,-31.705507913601227,PC1,-0.07830415610623839,-1.9294595656204
2.590223280789001,NA,-31.702349298862618,PC1,-0.23503491791552905,-1.9354183575437958
2.45900889107792,NA,-36.36051044708311,PC1,0.7602129863747797,-1.4664950126188208
1.5216131714929402,NA,-31.461008988653184,PC1,-1.2952244967683317,-0.01987310211532474
2.2470695044778117,NA,-30.000863958673268,PC1,-1.025519714610299,-1.3897731754722635
1.9004042326413715,NA,-30.519498439644007,PC1,-0.6175783316970694,-1.4189964765649332
2.222341317913394,NA,-30.000579549973253,PC1,-1.2058988154820849,-0.9967469278260381
1.9911929930389927,NA,-31.595493914587202,PC1,-2.1584112274946037,-0.37180339599020373
1.3491397455499397,NA,-31.32283929799844,PC1,-0.36725218044352986,-0.8307205856498211
1.978928623158713,NA,-30.435977139098103,PC1,-0.9944938226787723,-0.6323751447354189
2.1755348535699155,NA,-30.019725264005256,PC1,-1.0320442492629684,-1.2028949636262767
1.243899024357471,NA,-32.162552755652285,PC1,-1.589561543800744,-0.03958564144152976
2.066700716951805,NA,-30.48126624628257,PC1,-1.2538471776189783,-1.0389702955707003
2.0863367367225636,NA,-31.142257156132583,PC1,-1.4282924258911722,-1.5131685713114502
2.206028636508316,NA,-31.779255231822635,PC1,-1.4365451824792361,-1.4691400773158472
2.3777015625401923,NA,-30.423612454310756,PC1,-1.2923082767941403,-0.9641703049537409
2.3158393752200497,NA,-31.614348211672077,PC1,-1.5390446678714986,-0.6128723817593371
0.9673923631698833,NA,-34.023921508260166,PC1,-1.533425271771768,-0.15607726109161937
2.428172935931897,NA,-33.319106611183074,PC1,-0.8150256177849213,-2.4262625081603315
2.101480977936128,NA,-30.84929144736168,PC1,-0.09671165095478179,-1.5813816037923158
1.51266893251306,NA,-32.35974939190354,PC1,0.36739510862670377,-1.0882290041457308
2.775183018973339,NA,-31.66525396881352,PC1,-1.0690327004868403,-2.0527345246035216
2.6829361418891833,NA,-33.54186313285599,PC1,-2.520035187323118,-0.8576952018090462
1.7327559857021841,NA,-31.234123561138766,PC1,-1.458024179653672,-0.9659152120195263
1.719223827136143,NA,-30.9194795430009,PC1,-0.6888766549389961,-0.7086636437924232
1.6299024214502078,NA,-31.191950384756186,PC1,-0.8037698243409724,-1.3606442127217298
1.8996482818884923,NA,-29.85299977826851,PC1,-1.2499392136538996,-0.8687899671545558
1.9941500228075524,NA,-30.662150845826137,PC1,-1.605127831890662,-0.45815719360285534
2.383295807451234,NA,-31.58100994840071,PC1,-0.4059736603041202,-1.0834145395835253
2.785170905306079,NA,-32.582822973808554,PC1,-0.20423469913695252,-1.6422741443110365
2.6983245785202716,NA,-32.73797342129566,PC1,-2.1651283563094954,-1.4899795457938778
1.6792537863629675,NA,-33.08786336108409,PC1,-0.832595095843984,-1.2222564153714832
2.606638679415531,NA,-31.614506726571705,PC1,-0.8513514213043035,-1.9036707257347092
2.0771514630278824,NA,-30.819448310369136,PC1,-1.5055844824009386,-0.6031957163469904
2.0973294733750385,NA,-30.132965674377957,PC1,-1.5227960759963435,-0.8693962587799468
1.6437153693917854,NA,-32.72938178879871,PC1,-1.2178210625107917,-1.5360302744562238
1.930502578370558,NA,-30.5063464969256,PC1,-1.6361207209747088,-0.9444609895000657
1.8736015467488498,NA,-31.932025963982365,PC1,-0.8134289651868063,-0.3429156488657202
3.6163978090821978,NA,-40.89178610081934,PC1,-0.28569018252381456,-3.1354070887483476
1.4560154210092753,NA,-32.35196987666809,PC1,-1.0344843855728298,-1.2811247060354947
1.887153541477499,NA,-30.75181005563578,PC1,-0.2389172656551346,-0.9064510940854246
2.0861052556597373,NA,-31.83852565292734,PC1,-0.3038727035247813,-1.317745003121798
2.4162731035735114,NA,-31.01316186243765,PC1,-1.1407960996985944,-0.8836168074571337
1.6054921802866964,NA,-31.61502584191923,PC1,-1.533633298890361,-0.049325559183089285
1.439468455770062,NA,-31.019315418831198,PC1,-0.9995418096884511,-0.43654165508925846
1.8015524862024508,NA,-31.73222752147404,PC1,-1.4742398341115297,-1.383515822313196
3.0567621206379108,NA,-32.63700910685603,PC1,-1.4586173904507012,-1.9268506969294643
2.719895999349778,NA,-37.033221939725095,PC1,-3.1509388999968184,-1.3914788654790202
2.3661422252835385,NA,-30.68419505436228,PC1,-0.4791290901404799,-1.6535672361953195
1.4875587098953051,NA,-31.08468371752682,PC1,-0.6107540311211791,-0.3654567907411806
2.3234981641314167,NA,-31.288714078144285,PC1,-1.2928740196893538,-1.605522828449551
1.5477176642809245,NA,-33.51835229780173,PC1,-1.5338026066819053,0.48274376069148434
1.7678468829558742,NA,-32.07600698906492,PC1,-1.6547239902805955,0.16665767705985246
1.618410208875483,NA,-30.442819042757712,PC1,-1.0581754434199437,-0.6736707679541143
1.7533452502295817,NA,-33.094160890806855,PC1,0.6356880493184467,-1.5924523828760009
2.4071295113966436,NA,-33.092589861521354,PC1,-0.03135353298993368,-1.7343918762001187
1.8528820660883447,NA,-31.104156203116816,PC1,-1.7610692178941978,-0.9980767160610493
2.8268800439696937,NA,-32.21360524977687,PC1,-0.7182429770781885,-2.311560011857402
2.680061648244081,NA,-32.48318810418263,PC1,-2.184981918821151,-1.1610172344718896
2.8210321033181387,NA,-35.27361368182457,PC1,-0.7633623198723222,-1.1306234125841368
2.4150006088500158,NA,-30.40950360886106,PC1,-1.377431699133083,-1.0802679613164106
2.6740090651994755,NA,-32.427305701436815,PC1,-0.31759018186196564,-1.498181792542812
2.1983323767837684,NA,-30.058379709289387,PC1,-0.8854424890463656,-1.0056505239838767
2.372713228510094,NA,-34.86936309966548,PC1,-2.1080805157648506,-1.9805030262982586
2.7089324195202664,NA,-34.511683255133036,PC1,-0.02815205596276399,-1.376205455164678
1.6075634399620118,NA,-33.32689137990401,PC1,0.2741791098416623,-0.7353795940142408
3.2598311062932663,NA,-34.60633847733714,PC1,-0.3743785287510398,-1.8383820303861795
1.136412325736062,NA,-34.078994755139995,PC1,-0.05545165475291694,-0.3730370644853015
1.973357636891488,NA,-32.257066441790045,PC1,-0.5703450298379504,-1.8724303002789087
2.1085559214601477,NA,-30.351889282023915,PC1,-0.5696779638182495,-1.0022959533356954
2.5222148567260545,NA,-33.09612040325403,PC1,0.2274602998936278,-2.154587473092236
2.031869532064159,NA,-30.504955029112818,PC1,-0.6704970103919234,-1.0176057554233409
1.6799681347560962,NA,-31.925042401537976,PC1,-1.0495143666768865,0.026729002667480517
2.0020277054331896,NA,-32.99994998116777,PC1,-0.49089773343446297,-0.2761845100907213
1.6517288882470176,NA,-31.93723368292451,PC1,-0.24422180550646916,-1.5119056259389536
1.5706441519126506,NA,-31.562685191375273,PC1,-1.5415455175317374,0.036747841855290495
2.2310054411054323,NA,-32.28179650758926,PC1,-0.15687002460461563,-1.2170091761343806
2.4529167173693978,NA,-31.80280345622401,PC1,-1.892777357936097,-0.6303990218528165
2.20038659442366,NA,-32.70474162359548,PC1,-2.0039140086780294,-0.6829715261276843
2.780980455269663,NA,-32.06012663422953,PC1,-1.6174461422764659,-1.0397464982760791
1.5830743265829381,NA,-30.971501855183618,PC1,-1.187982636595791,-0.19698703159831105
1.620968069969923,NA,-32.00217601248023,PC1,-1.0963913108318772,-0.8314189158281146
1.8430163819681242,NA,-29.879213348482946,PC1,-1.1571439192687532,-0.8801569233682699
2.042078608081565,NA,-32.335691555920015,PC1,-2.149621322973457,-0.7111610634698098
1.478534815644454,NA,-31.38396072759129,PC1,-1.2556112047016763,-0.8648296674793656
1.613325950968709,NA,-31.304119120359978,PC1,-0.4791646195035786,-1.4477485736227527
1.666629288928928,NA,-32.08392352380242,PC1,-0.0535499723504437,-0.6711644621004629
2.3356958748989762,NA,-30.164038606052546,PC1,-0.8653752808770387,-1.544292405120166
2.4209547346772116,NA,-31.229016165330478,PC1,-1.7483441466783756,-0.8348500149827415
1.5837833057723132,NA,-32.34819655587307,PC1,-1.5551305529071031,0.28899864879033366
2.209854603187649,NA,-30.086463588699072,PC1,-1.4082082994036378,-1.1183005662021925
2.2072001595228934,NA,-31.61597090561621,PC1,-0.9165717690347641,-0.4799066130244589
2.3356958748989762,NA,-30.164038606052546,PC1,-0.8653752808770387,-1.544292405120166
2.404256760521128,NA,-31.16443206818081,PC1,-0.9915479912557854,-1.8522403257659954
1.6079947120309188,NA,-31.362866999219534,PC1,-0.46244258091825674,-0.42321211047159263
1.6035983666324023,NA,-30.298889068565536,PC1,-1.0201131331965152,-0.805599887794313
1.5432146320350673,NA,-33.77359398923456,PC1,-1.710500174812221,0.08715170366758662
2.1885972852900477,NA,-30.687880095844474,PC1,-0.6902147126965701,-1.1218532405509776
1.6739504734016513,NA,-31.230717665513232,PC1,-0.7612398911965493,-0.2648492780121584
1.542300471045039,NA,-32.49205159543187,PC1,0.0896136540850001,-0.5746107857440597
1.9482373205528003,NA,-29.781713507669025,PC1,-1.0268890282260479,-0.9005665382016724
2.2429338145332687,NA,-30.626805331921524,PC1,-1.2265519155700826,-0.6824847433997207
2.887889139578138,NA,-31.57631197664158,PC1,-1.0137524408704695,-1.7118647782473437
2.9063175396791356,NA,-33.27563169135432,PC1,-0.12161282725500688,-1.7490923853815115
2.1055087745047687,NA,-31.825608134197264,PC1,-2.099096439562147,-0.23444076958748983
2.098737086788552,NA,-31.314692357812373,PC1,-0.637588795839876,-0.6134806739322255
2.473140653089371,NA,-31.836137552707005,PC1,-0.5256077252152122,-2.0048847861462837
1.9908818986906565,NA,-30.403614181668676,PC1,-0.6593797632175199,-1.144767697450412
2.332912601755015,NA,-31.029243565437696,PC1,-1.2774772663011271,-1.5525571947912677
1.5891653851916636,NA,-31.19807929804487,PC1,-0.24062951502768887,-1.3112919592867358
2.555728067733897,NA,-32.17119900790442,PC1,-0.5859035607998777,-2.1226975373766397
1.9188774588390682,NA,-32.40888430400694,PC1,-2.415717156642618,-0.25780874100812046
1.4392482947182534,NA,-31.27268594116076,PC1,-1.410524196673378,-0.5358305706944964
1.9781944582014337,NA,-31.085491250026333,PC1,-1.7468863644146786,-0.9785025895207893
1.7194541017160876,NA,-30.368315259868314,PC1,-0.45344373113916947,-0.7820183098348814
2.38333005203263,NA,-31.69021746181665,PC1,-1.549663089667194,-1.4745315425336947
2.134205550590433,NA,-30.6067263676584,PC1,-0.41032495552629045,-1.1422668758236543
1.8564532435205423,NA,-30.26002241101261,PC1,-0.3500112504387888,-1.2609923771676783
2.7079183203119226,NA,-31.491609177014006,PC1,-0.6084267986153014,-2.0461120075265415
1.8026593188400635,NA,-31.503548374049586,PC1,-0.6857849229284725,-0.9952463555649749
1.6966522527869194,NA,-30.344262497050213,PC1,-0.6048465419967832,-0.6443907940484679
1.703089294051102,NA,-31.52303089791712,PC1,-1.6347733944305514,-1.0548444674075164
1.8687575731070776,NA,-31.88841328121768,PC1,-2.1004847310211057,-0.900525868442028
2.1375941674509296,NA,-30.172408834120997,PC1,-0.7608111139103491,-1.5618978629971394
1.9805146188650071,NA,-33.2034707659286,PC1,-1.0333215413347425,-2.0408945780747922
2.5298677335508137,NA,-32.661344984931205,PC1,-1.4942986525106505,-1.8514376860616049
1.810406606999048,NA,-30.409871030730844,PC1,-1.3841658280002185,-0.9186303048556222
1.894053450286048,NA,-31.39284748389949,PC1,-0.13180722564303732,-1.2337255687224882
2.243923231153388,NA,-31.904962095756627,PC1,-0.5384409386040075,-2.1170590596243195
3.178189861208566,NA,-35.31677187057597,PC1,0.08538215854653208,-1.9509878821851587
1.4732989979825326,NA,-31.802934570051423,PC1,-0.3473802334766066,-1.2749852066713308
1.8196704138239082,NA,-32.322330211803,PC1,-1.2523451072444272,-0.3907019102150409
1.7704767301503528,NA,-31.261975436335085,PC1,-0.2788879402792033,-1.6047295085603688
2.121181993020182,NA,-30.572669732945453,PC1,-1.2021499076122004,-1.1508346803277716
2.4782328951774004,NA,-32.07486292895883,PC1,-1.583106809241142,-1.8760550566283027
2.5609850325878147,NA,-30.94531483381184,PC1,-1.3730798468465013,-1.540703160938189
1.701251295082013,NA,-30.80185362505908,PC1,-0.11551603755653209,-1.2071592820532393
1.5757889193554644,NA,-32.666847581947664,PC1,-0.3007014076484781,-1.4843536218841742
2.2350736947028964,NA,-31.202659889590837,PC1,-0.11121351615831816,-1.3176800706998253
1.7811744659026474,NA,-33.622084654426935,PC1,-0.7207333036599619,0.17155146379423494
2.1065474828404107,NA,-30.43874190125263,PC1,-0.8209821658028756,-0.7861029431424854
2.103564267859064,NA,-31.143879178508374,PC1,-1.8892795558722728,-0.6933187734950517
2.1052457587099562,NA,-29.883974781690096,PC1,-1.111329065476325,-1.0482659823607388
2.1094139841414794,NA,-31.927480329472093,PC1,0.06107426290462706,-1.5166309905352755
2.604538903107004,NA,-31.913574807165507,PC1,-0.8714078296288059,-1.1961872303367822
1.6920119925889587,NA,-30.519954241518086,PC1,-0.9990403339072147,-1.187743752415051
1.4803211501217084,NA,-32.889157004852756,PC1,-1.3878631067635736,-1.1938018689588663
1.426889925377273,NA,-31.500536935921932,PC1,-0.4565516150334649,-1.1888421427513414
1.934159360022702,NA,-30.162916689398322,PC1,-0.6466533208682252,-1.405636058588792
1.7856205457293652,NA,-30.005740707109805,PC1,-0.8989833601802893,-1.0742269811075074
2.045124162511678,NA,-30.2441007361741,PC1,-0.8541459916520551,-0.8369007107415221
2.51639095801494,NA,-32.26534539004339,PC1,-0.3826845673849134,-1.3104407221529666
1.3177053181748977,NA,-34.50520419113498,PC1,-0.40671611235834293,-1.6555623692111194
2.619473941150388,NA,-32.81765565188517,PC1,-0.07410903154229352,-1.3579103237785481
2.0475330436819514,NA,-31.729607899709553,PC1,-2.127871947843017,-0.7275817290126904
2.0380162401346498,NA,-31.45136699356294,PC1,-0.06939058565454588,-1.5862291905491448
2.665084627984714,NA,-32.31431345139164,PC1,-1.6099759928450754,-1.796434752707139
2.2439740199641927,NA,-31.983006398722246,PC1,-1.318447354649629,-0.43262788825134024
1.4745515095166342,NA,-32.898050116109694,PC1,-0.45971455746042833,-1.6061803201806988
2.3265284749557873,NA,-30.707812930334352,PC1,-0.8989231012728991,-1.5341271954664604
1.4815505835438398,NA,-30.783109796982274,PC1,-1.2390710065758346,-0.26819458148380537
1.865258411108659,NA,-30.171275498607443,PC1,-1.4938984157154167,-0.7480390068414249
2.2381370740342623,NA,-31.13644665449871,PC1,-1.384882697217725,-0.5966842328285891
2.934593008831452,NA,-34.12999924483886,PC1,-0.5270076606473575,-2.7853501321736696
2.2817476317633747,NA,-34.67484911580095,PC1,0.4478418486857501,-2.3465875000572356
2.6592274894143464,NA,-32.2276178858872,PC1,-0.044166624356558715,-1.7638073067264028
1.936120543200307,NA,-29.782499148971127,PC1,-0.971849265420214,-0.9333315363618817
1.2757717937455442,NA,-34.807661993135646,PC1,-1.3083409757585607,-0.9598783649738722
2.025827480254065,NA,-30.26637775729032,PC1,-1.1876195797610758,-1.3721894369380387
2.5561866271781972,NA,-30.880042344309462,PC1,-0.7754987319687627,-1.6074390684194313
1.6128780092347443,NA,-30.695986580016076,PC1,-1.4249442218845032,-0.3026481663515491
2.3511065931199027,NA,-30.345113341778532,PC1,-1.4671338394190976,-1.2397300505186764
2.077085843439234,NA,-33.42548374297723,PC1,0.1876724335144522,-2.168435475160983
2.6315513126009362,NA,-31.445654550406513,PC1,-0.7020218855099043,-1.3150536040506844
2.8421141597774824,NA,-31.498590457910737,PC1,-1.3243377607788602,-1.6508669393360613
1.2177134160291516,NA,-33.42535292794403,PC1,-0.26972655003229135,0.03136641119287348
1.7446880255416182,NA,-31.158983480961552,PC1,-1.4374262832940927,-0.1584777093025218
1.9192193595938434,NA,-29.884199786657398,PC1,-0.932957095662138,-0.8022621022477953
1.9251742515197143,NA,-30.80161136231312,PC1,-0.41061206728881894,-1.1300608107730457
2.0983783232174376,NA,-30.562225614569265,PC1,-0.6975317695010388,-1.4273001810251587
1.9113711919152347,NA,-32.00265757732503,PC1,-1.3104944965702816,-0.6244841965090274
2.2369764359330575,NA,-30.790376047299578,PC1,-1.5978821689633906,-0.8276315443700841
2.22484670166147,NA,-31.169435523639162,PC1,-1.1870049814502694,-0.8001317329948768
2.056174884441653,NA,-29.80853727679411,PC1,-1.0443149481295877,-1.1634055860420145
1.1202249292665207,NA,-33.63188245534484,PC1,-1.104549246038529,-0.2391454569952031
2.18819241828234,NA,-31.52040609902337,PC1,-1.0146793585979978,-0.4475961580481721
1.360441203301076,NA,-32.72920940394597,PC1,-1.7349442424526684,-0.7116944369978547
2.4128614419856893,NA,-31.372502673399936,PC1,-0.3553905369849376,-2.0689007643294364
1.9954247850320601,NA,-30.848737492267443,PC1,-0.9989362873379648,-0.8524885077355102
2.04961288741941,NA,-30.743156461855886,PC1,-1.232678035129437,-0.9764543051167396
2.513734121765577,NA,-31.596987724115944,PC1,-1.0330800505551665,-1.6593958533493114
1.8507421809119267,NA,-30.253711258637153,PC1,-1.1144189472365094,-0.9720819247076006
2.6018568722904325,NA,-31.76791488336065,PC1,-1.8108939191758773,-0.9032239934071893
1.6188142186086725,NA,-35.577217982667506,PC1,-2.920962314643157,0.0915182822877012
1.3831552553044537,NA,-30.837023911626773,PC1,-1.0190292020223228,-0.5905607442377934
2.1079152080824004,NA,-32.22174578798431,PC1,-1.705069517452957,-0.7236575909818963
2.347637737196802,NA,-30.38615308242808,PC1,-0.8694039801342184,-1.1025088651468034
1.9973256504464216,NA,-31.01990460044258,PC1,-0.9385439813345946,-0.47443205121732185
1.6387843304438046,NA,-35.25257263323661,PC1,0.793494805957014,-1.91237252023796
2.402031866840796,NA,-31.968300584428658,PC1,-0.8375600995588444,-2.048293336070904
1.1257284191708943,NA,-32.529163110960305,PC1,-0.5475984394920909,-0.8103507530462539
1.3897118983163292,NA,-33.055508694843354,PC1,0.3197040214935579,-0.6094379537241575
2.85640591080849,NA,-37.083767819280574,PC1,-1.1677133905449597,-0.23626560756923243
2.16332097730753,NA,-30.897183856416806,PC1,-1.3586753219791188,-0.5705232437865825
2.1051070904866593,NA,-33.0667622858249,PC1,-2.4468446818570975,-1.0339990626578028
2.894533569175632,NA,-35.64436905126292,PC1,0.6867887002275737,-2.5530846160378178
2.484922021318618,NA,-30.862873135661648,PC1,-1.0838819917730094,-1.8123117532281778
3.1846721359607097,NA,-34.07930683982127,PC1,-0.5581109390775898,-2.5301956463812965
2.469729025250596,NA,-30.87426757506447,PC1,-0.5352568116305145,-1.8783767279137729
1.7728246318687246,NA,-30.41808980320589,PC1,-0.6470327807137208,-0.8250504281532696
2.642858863652702,NA,-33.223126188573616,PC1,-0.4894251124173834,-2.5650419507049125
2.676697997050673,NA,-34.00614872773326,PC1,-1.2912900142236001,-1.1096631323276782
2.3584081875747245,NA,-34.84175946347159,PC1,0.42752911467558957,-1.5671256824183124
2.2122130594851166,NA,-30.05630470125433,PC1,-1.3675818585367145,-1.0493317464721947
2.111219212727009,NA,-31.871958783659117,PC1,-1.0774857152483255,-1.6483569183380407
1.629818638410244,NA,-31.160955588669417,PC1,-1.3287192027703907,-0.24518701408349455
1.612612786774465,NA,-32.58702311476763,PC1,-1.9311823291529326,-0.8515433324165617
2.02668827676348,NA,-30.206486001334028,PC1,-0.8235572091616006,-1.3201870210002125
1.6994747760456859,NA,-32.15152017777752,PC1,-0.6388234294250705,-1.380132096702996
3.0487633417714264,NA,-33.30013921590129,PC1,-1.1539934477817717,-1.2236964335764564
2.7475368263934543,NA,-31.418502260522967,PC1,-0.5692684088693811,-1.780803387831196
2.4482570396252323,NA,-30.552184190124272,PC1,-0.6469217689117255,-1.4516499469489765
2.620882399096326,NA,-31.213102118342835,PC1,-1.3698955456305344,-1.5712128637830756
1.8460468000887664,NA,-31.834531572436482,PC1,-1.3488065559801368,-1.3479595313322696
1.9839297222386494,NA,-30.76793268579267,PC1,-0.23661181300226414,-1.0741098477609539
1.4701957216822603,NA,-30.734376267834413,PC1,-0.8122615734057244,-0.400467282836908
2.2796042688635527,NA,-30.898947782238483,PC1,-1.124057944344092,-1.5373817576533
1.5928533316544127,NA,-31.89929960724476,PC1,-1.250308950048049,0.07139474621010733
1.6399338819419178,NA,-30.40275573938816,PC1,-1.4029588614333566,-0.4689095838213739
2.488850435502231,NA,-32.53670273343181,PC1,-0.8999516342980919,-2.273932784378864
2.175441252191209,NA,-31.18480942808283,PC1,-1.013639578609274,-0.705846906621966
2.338573456056946,NA,-30.595768002167517,PC1,-0.667900396649152,-1.5152891512879263
3.483442286443896,NA,-35.10494884235866,PC1,-0.42099108871279034,-2.6693815328785355
1.597532167313717,NA,-30.889952719272344,PC1,-0.2644504793433697,-0.8825691401003222
2.0751259384865035,NA,-31.32552569631056,PC1,-1.1724440127763678,-0.610326507432824
2.8790716351893173,NA,-32.14883144388227,PC1,-1.7075170467953922,-1.6577399889209739
2.0022168246033956,NA,-33.86596588854897,PC1,-1.4255395312985883,-0.47966101146245793
1.5495607360019332,NA,-31.4273337449268,PC1,-0.12030788106662386,-1.2873454891155904
1.9263959587470825,NA,-31.410704133812597,PC1,-0.8452443272086696,-1.7469265165284595
2.558723106764355,NA,-34.02402136176688,PC1,-0.9649060522798465,-2.1200794198608133
1.4948434830406667,NA,-31.191480979527405,PC1,-0.3265580699980729,-1.1066541815506485
1.6893941083436192,NA,-30.457739095434114,PC1,-0.678495002380724,-1.2510396713479042
1.6534914877072076,NA,-30.873095976645686,PC1,-1.703590060156875,-0.6185170328832152
1.838050147880068,NA,-31.366230508176482,PC1,-0.3294026417633096,-1.7019998209725382
2.102096636184522,NA,-30.492694543839807,PC1,-0.912530851443332,-1.5515316239802117
2.1724964276345418,NA,-32.17846313850038,PC1,-0.49973552099751073,-1.7103657576251385
2.2601210923022697,NA,-30.76718139961283,PC1,-1.718276631983804,-1.0953110966382087
1.9002873266043614,NA,-30.17705818492771,PC1,-0.8335591838521654,-1.3777824909019574
1.5752255986043602,NA,-30.233474298688105,PC1,-1.0889770031782033,-0.6444398416781373
1.7217281612931425,NA,-30.89375057576585,PC1,-1.3984741970856907,-0.8410535189265654
2.143555462476082,NA,-31.31842103655302,PC1,-0.38680077604917346,-1.360842331882273
2.527237161169561,NA,-32.90375505082847,PC1,-0.980888336631401,-2.2183295962613045
2.542003567753302,NA,-31.400005481190025,PC1,-1.6677949371464706,-0.8313762774325898
1.3609427782942456,NA,-32.67240058809363,PC1,-2.0642518703894037,-0.0033666254919491176
1.984182249750055,NA,-30.174128397053405,PC1,-1.368392704164914,-1.0600993569685457
2.6256340572759944,NA,-33.98170747374157,PC1,-0.16997049827305327,-2.705831423792884
2.3297225170862226,NA,-30.099126967386024,PC1,-0.972588225218501,-1.1772739203204774
2.2083201705782307,NA,-33.57569527186403,PC1,0.06860508699142175,-2.401515973073456
1.9388746025947698,NA,-30.51430661078406,PC1,-0.9445530637312269,-0.8332936987577482
2.2609381114342777,NA,-30.44683862488513,PC1,-1.581428715979764,-0.842221710037144
1.7487695516205182,NA,-31.105077158825726,PC1,-1.003293983298201,-1.3553263119539491
1.5645909523481953,NA,-30.79206957046493,PC1,-1.0329402948338968,-0.28494447232760384
2.606695391742604,NA,-32.94727297011547,PC1,-0.04429380092321844,-1.328754743198663
1.2929488986776125,NA,-33.93815820264039,PC1,-0.5809968676588664,-1.4837882770362352
2.2205693059716576,NA,-30.746482957509905,PC1,-0.6016854058430685,-1.0316001751279864
2.1979751377042906,NA,-34.72006433676195,PC1,0.10122454348009213,-1.3689162947137348
1.703203434397285,NA,-31.736431829585793,PC1,-0.38770544603593965,-0.7482882529958759
2.0741523359573413,NA,-30.524512691130038,PC1,-0.33545397393077936,-1.2724598384602306
1.955862749582443,NA,-32.56404785286898,PC1,-0.27392943183932533,-0.8423708606170256
1.4856316433563046,NA,-33.63079869392265,PC1,0.1830526793230696,-0.4885896973304452
2.850492108262104,NA,-31.621965971785738,PC1,-1.478731467372377,-1.443713875054835
2.1794972255139213,NA,-31.36960869753375,PC1,-2.0554943661604432,-0.8359062277754641
1.908914719562071,NA,-31.264042663409814,PC1,-1.321892040966259,-0.15099997091826622
1.7965488421373057,NA,-32.287549823896335,PC1,-2.0935408732755953,-0.09736763538842534
1.673486688658846,NA,-30.882405150423974,PC1,-0.69278243926851,-0.8987769669661385
1.619093821505142,NA,-30.562838468727968,PC1,-0.8151487855220441,-0.550079017030899
2.0610513640859884,NA,-30.900054376520398,PC1,-0.0667238569287042,-1.6066897418810753
2.234500183158781,NA,-30.41668649854146,PC1,-1.1354060937248662,-0.8278257854817689
1.969486680248552,NA,-33.31793613267196,PC1,-0.7608367211284718,-2.0621198253238444
1.7110940387378046,NA,-31.949480889002572,PC1,-0.6644498917659564,-0.19448481839096
1.657569938676616,NA,-30.429861771298107,PC1,-1.0990833490993412,-0.7732658345100407
1.3887131321557085,NA,-34.45187381177423,PC1,-2.01279815846072,-0.7792520254193984
2.517088817788076,NA,-33.04749254337878,PC1,-2.4452785600587417,-0.5814471436930233
2.1403941314401536,NA,-30.17361000469775,PC1,-0.9285325203016268,-0.8322843464014809
2.9013580557826613,NA,-32.884972317793306,PC1,-1.418877418381747,-1.9553441490752452
2.0200084185464036,NA,-30.281468476737317,PC1,-0.5967892547683865,-0.8798904492440108
1.1777466679892417,NA,-35.64391922393024,PC1,-0.18410008607552591,0.2596432861673563
1.400764060389617,NA,-33.436163104867745,PC1,0.2873305990712976,-1.3732674170833912
2.4071301097868276,NA,-30.377857012529915,PC1,-1.1366028718808878,-1.5487039528250295
2.4537862361019442,NA,-30.731997479676366,PC1,-1.3992378854554923,-1.0162182038958603
1.401808425253577,NA,-32.55703299844934,PC1,-0.38152090952721435,-1.3769487083075596
1.9169073116472175,NA,-30.59701277894727,PC1,-0.6080089402758363,-0.6391205666336172
1.795810950111178,NA,-30.47786633681769,PC1,-1.0649238316365177,-0.8914225991033251
2.772383626501998,NA,-31.854702621078697,PC1,-1.6265642926146298,-1.2445432586687981
2.531746435204663,NA,-30.801472049778916,PC1,-0.5516441023686258,-1.6184568943720514
2.3966503727752912,NA,-31.691132842239316,PC1,-0.7954819556235824,-0.8327383537613099
1.9694910830962833,NA,-30.664642011852948,PC1,-0.6029572283982632,-1.1435348254036724
2.8132434344418136,NA,-33.384990439456,PC1,-2.0296535008530103,-0.83857609818266865
1.6998456821647137,NA,-33.281620631763545,PC1,-1.0957984026452985,-0.6401144970692592
2.39002456840624,NA,-31.72157337743949,PC1,-1.4615344997504633,-1.0342405381807724
1.3588175560245117,NA,-30.930436277861673,PC1,-0.8914016737273477,-0.45511579093741195
2.0022649955142695,NA,-30.856463113484907,PC1,-1.398515072923682,-0.6002031135878485
2.6546164134552126,NA,-31.964942189983045,PC1,-0.48637062175756607,-1.2987735720390248
2.889026774665845,NA,-32.64255933181487,PC1,-1.7040242611362668,-1.9560896507499892
2.603183432047423,NA,-34.72383270981048,PC1,-0.14461961904474124,-2.8150602741041917
2.0027822370871515,NA,-29.990265308528173,PC1,-0.808245211751265,-0.8521401934765921
2.0281366993555476,NA,-31.039129313073435,PC1,-1.3981257058433139,-1.4424152466252185
2.5175712956159444,NA,-32.71207835552328,PC1,0.06001853408558715,-1.3777577140312682
2.1871020926295444,NA,-30.04989325590951,PC1,-1.0278874550288186,-1.3028705837397205
2.2308082327141707,NA,-30.882928107336188,PC1,-1.561912171981358,-0.8470610931908259
2.281214423397094,NA,-31.034912818859006,PC1,-0.9895600190079423,-1.8558570349524202
1.6821126483305084,NA,-34.20884397327059,PC1,-0.8361744647597039,-1.3118908033165746
1.4835513286748778,NA,-34.79368426594968,PC1,-2.5115583296159163,0.4344567654811986
2.175359042797497,NA,-30.22896772268059,PC1,-1.3391615948575284,-0.9852258761936743
2.4914216026586686,NA,-30.63887946821573,PC1,-1.331623469525239,-1.4619714745855337
2.3148682636355367,NA,-31.031386346647118,PC1,-0.8585110678059287,-1.396882762156298
2.154988974806055,NA,-30.863070916891097,PC1,-0.9145747281966135,-0.6111740066475113
2.0157886538350893,NA,-31.30018340815263,PC1,-0.35443935388466197,-0.7217517553604876
2.3945939353620114,NA,-32.89226501383047,PC1,0.06166768741357359,-1.4403437630813833
2.111487901187256,NA,-30.250939446911186,PC1,-1.3157612123694022,-0.8616195040932544
2.905057507822174,NA,-33.06597485083337,PC1,-1.8757880125457318,-0.9755153350059766
1.9326593137342822,NA,-30.16132957500537,PC1,-1.5326223581533933,-0.8298256745266173
0.8402896952052066,NA,-35.20797852770647,PC1,-0.4209661866016574,0.13321296948055183
2.0420885560124304,NA,-30.11294470253436,PC1,-1.2866270261013377,-1.2398794305124035
2.134232474257163,NA,-33.97746352873222,PC1,0.16568553824135657,-2.2090802178521183
0.8079615625725161,NA,-40.79849606960022,PC1,-2.3323878578373316,1.1797086899227518
1.5803111292446133,NA,-30.761086509164365,PC1,-0.9281470357447636,-0.7692215696164142
1.4264809305424793,NA,-31.858353034972765,PC1,-1.6315668943072732,-0.36878000063295735
2.8763279179938728,NA,-33.5693782498288,PC1,-0.3547207902373939,-1.4427550918240786
1.85966430524328,NA,-30.99656635693378,PC1,-1.6543533554901118,-0.1983456751765431
1.3869503609138036,NA,-32.77874708329515,PC1,0.24893910341195913,-0.7449103735095914
2.555969258838968,NA,-30.803512283387473,PC1,-1.128272306097252,-1.7235488297064427
2.0308668233414666,NA,-30.300283465471797,PC1,-1.4754184875575123,-0.9836665912469151
3.004006280290196,NA,-33.39435816821457,PC1,-1.1148821684959913,-1.224454102492021
1.644104519401011,NA,-30.083439632631745,PC1,-1.0698356583710142,-0.6595891056144515
2.3566829705110948,NA,-31.511533075830204,PC1,0.041879988960031894,-1.790852277848877
1.7363754699317,NA,-30.37283147043317,PC1,-0.9038587980810372,-0.6315543462152441
2.0098076308926722,NA,-29.861855692058366,PC1,-1.020499531603601,-1.2001365757352909
1.9927464236495898,NA,-31.132311585838885,PC1,-1.3000185041299421,-1.097911459836931
1.4295782144571147,NA,-30.65608364537367,PC1,-0.936427414859482,-0.6751778934342245
2.520418500098347,NA,-31.158967873888425,PC1,-0.3778129911957449,-1.9480193808352493
1.643217614310366,NA,-33.12654909625015,PC1,-0.005408455870586137,-0.30500451606995277
1.9315397787072504,NA,-30.53855092146845,PC1,-0.8413642813699286,-0.8707056232602344
1.7395978566872374,NA,-30.567077783179204,PC1,-1.2313871979224773,-0.32572912313891855
1.3311799396293709,NA,-31.217883047812695,PC1,-1.2135386087992246,-0.36755297264261744
1.9587799626397613,NA,-29.959329124393076,PC1,-1.2902104077056287,-0.9286144008648839
1.7709149174897751,NA,-33.634298978076714,PC1,-2.425461103939262,-0.6898102167489835
1.9427161855851058,NA,-32.07180393844518,PC1,-0.9494087979374168,-0.542113836878235
2.3570228399760085,NA,-30.573662645053535,PC1,-0.9754654642543268,-1.7124178408091595
2.4325026967749714,NA,-31.495471929028284,PC1,-1.2286264595171996,-0.8339224472011885
3.304625656479052,NA,-35.71114120643913,PC1,-1.0445418162338935,-1.6598632769286454
2.2709498113222133,NA,-31.33107161515814,PC1,-1.1693856048805729,-0.5633875778174017
2.2070257752414855,NA,-30.319234727788878,PC1,-0.412563591090067,-1.5405564894918193
2.1779229437615726,NA,-30.611503518178683,PC1,-1.1996200460427513,-0.9117459537490956
2.667220814503816,NA,-31.546128056613323,PC1,-1.565809688741345,-1.7149171588839938
1.3939766868794174,NA,-31.277242618568025,PC1,-1.0733500904390763,-0.1878313393260912
1.4771028129519344,NA,-32.42117927093831,PC1,-1.6582207392018176,-0.15916103028003975
2.5713421437052877,NA,-31.844130469183334,PC1,-0.8708806670842311,-2.137722955515991
2.7348186255564415,NA,-32.97440080267082,PC1,-0.060397612146259605,-2.0107232481144255
1.7690645431542158,NA,-32.464505907054026,PC1,-2.2920520726938025,-0.5817911445339501
2.8987232516045913,NA,-34.803182704487,PC1,-1.3068854436781971,-0.5947451180259467
1.8606356920383185,NA,-30.245796362868635,PC1,-1.4662391711682061,-0.8149874735301293
2.9429944439231774,NA,-32.29356921565162,PC1,-0.9988604610855671,-2.198392375121504
2.983412036834019,NA,-33.309471296459414,PC1,-0.5874424206647343,-1.4317563967493707
1.6144174277898056,NA,-33.777760229032786,PC1,-1.3042698959257555,-0.895356439414547
1.565358521948939,NA,-32.425388140208305,PC1,-1.5369773824459378,0.010573853740459244
1.5563195114884918,NA,-30.38628395015283,PC1,-1.1011525930332378,-0.4959071307947872
2.0387131605742628,NA,-29.886684330744288,PC1,-0.7385601086074977,-1.1686270111085657
1.6897412863638048,NA,-33.09236954363461,PC1,0.1115522304172735,-1.700787929428105
2.6812297883353233,NA,-32.85494109709794,PC1,-2.035936657824981,-0.9479050692390985
2.148507639618882,NA,-30.580332921886622,PC1,-1.3775212710720945,-0.5630178257465763
2.3497811567617792,NA,-30.98375198706644,PC1,-0.9644448098719405,-1.4690332537505582
1.9402153740546724,NA,-30.570570601329237,PC1,-1.7496909240506697,-0.7724488907613642
1.8978905206435388,NA,-33.28620863407236,PC1,-2.5413431789804157,-0.7524525234735915
2.042800565787565,NA,-31.53317617881476,PC1,-1.3125524349655893,-0.3226554375046653
1.9450451183210244,NA,-30.088143262760635,PC1,-0.6722149045516098,-1.2332232396293956
2.773025911654639,NA,-33.20734759662591,PC1,-0.3428805446380383,-2.0693662777572257
2.285471248576616,NA,-30.37020847754753,PC1,-0.9895517356884207,-0.939321919317578
2.201905351487584,NA,-30.198001567393277,PC1,-1.3845634730935008,-0.8700042256797855
2.642652127295973,NA,-31.26786126849994,PC1,-1.2411719561801386,-1.4069210393091673
2.3910127044403287,NA,-31.2718170409875,PC1,-1.8855206232619206,-1.2351288249518213
1.756883330346136,NA,-30.33796744928828,PC1,-0.3539142849811552,-0.9763997540731599
1.24377505484584,NA,-31.73892499006488,PC1,-0.685775158214767,-0.8239153762400317
2.08067619115029,NA,-30.852178483889517,PC1,-0.8327831033639885,-1.5913581212411234
1.8445200204223196,NA,-30.376613922477514,PC1,-1.294570469538778,-0.7894058229327237
2.4882726445214334,NA,-31.903831295107285,PC1,-1.043731318406386,-1.9288673779301784
2.2282198096395445,NA,-34.12059860892586,PC1,-2.097039037577188,-1.7739801963018067
1.8867874327167127,NA,-30.465628476896736,PC1,-0.9156316640741801,-0.5039692881843157
2.880023728285628,NA,-32.21290375468025,PC1,-1.6849171558157194,-1.773034908913199
2.2862902221339207,NA,-30.958270867694434,PC1,-1.7645214513377563,-1.19433806626919
1.8016748395112805,NA,-31.38524438923487,PC1,-0.7404364077922441,-0.2618938026066141
2.6476038174351015,NA,-34.76225796449936,PC1,-1.3607317223577862,-0.33966953279988216
1.5625576320609602,NA,-30.430519379176623,PC1,-0.616182775537978,-0.7605427759759558
2.0241922003840744,NA,-30.269698669349342,PC1,-0.8059603450210429,-0.743497269786211
1.7893439798090265,NA,-30.733015599977204,PC1,-0.9072288747812856,-0.3908439509000988
2.82888665371099,NA,-33.92257025025611,PC1,-0.8896564760634824,-2.4017182538747246
2.9240734058734144,NA,-33.71672998077251,PC1,-1.9400027292807316,-1.0278842183632781
3.1507340095108547,NA,-34.56927320611259,PC1,-0.5086173023775488,-2.007081176325669
2.2541565623663735,NA,-32.766657806451214,PC1,-1.2626337547168014,-1.9568924869996556
1.7481121595852485,NA,-30.338983849245214,PC1,-0.7590933181431248,-0.836697268876087
2.449917890246362,NA,-33.94125850945463,PC1,0.6004703362696232,-2.322597766687973
2.3608469710276183,NA,-30.965467209096296,PC1,-1.8099710606331967,-0.9433242063633479
2.101498178818949,NA,-30.865633562287826,PC1,-0.920114188901929,-0.8166184860584962
1.6684148971106025,NA,-33.17550063848634,PC1,0.6578245885263871,-1.3471226390204945
2.401846446599293,NA,-30.736704096772694,PC1,-1.6959830343899525,-1.0982589139546353
2.128432491287925,NA,-30.65429638951825,PC1,-1.727428380452152,-0.7983247014098347
1.6274705859211867,NA,-37.377302731385434,PC1,-0.41071936599406167,-2.1003759198494776
1.618916659099019,NA,-33.73744886914558,PC1,-2.120461030347299,0.5237317122185291
1.9259980864198596,NA,-31.433377346025367,PC1,-0.22243044775148368,-1.821882283268503
2.0378573321684854,NA,-30.56556298184928,PC1,-1.0345742550534798,-0.6257152361913343
1.6064360833973523,NA,-32.46649517786633,PC1,-1.0355892625746808,-0.7574946241179383
1.2165230493779504,NA,-35.35761578512157,PC1,-1.239929137027403,-1.3195715584099161
1.587449828049769,NA,-31.084852319293724,PC1,-1.1784876680084142,-0.7784522178704285
1.5327776329681289,NA,-34.97822712576833,PC1,0.007439212766369496,0.08072662496945593
2.003376492771192,NA,-33.26105288888271,PC1,-1.3855816400332923,-1.7834398109029577
2.286526090708064,NA,-31.53099671154249,PC1,-1.3161836954089452,-0.46599144669869796
1.8878429254233235,NA,-29.99471090727387,PC1,-0.8449557419664279,-1.1421126589930801
1.7129687609652657,NA,-30.78484677121799,PC1,-0.5899369985358381,-0.5145611716920472
1.8414290744791386,NA,-30.631669423753348,PC1,-1.3531991792813316,-0.3996005396858118
1.952784441526066,NA,-33.066229002655746,PC1,-1.4448715974075375,0.22476451647641915
1.4330810589623577,NA,-35.65753176461294,PC1,-2.6946740516138106,0.7424641684183209
1.7578798940456148,NA,-33.796161898952626,PC1,-1.0211255363230323,-1.6159590329207911
2.1879451828893344,NA,-33.28627045957138,PC1,-2.104707087946487,-1.5772036972822512
2.731808811603196,NA,-31.530591596076327,PC1,-0.48843684165049844,-1.9797405728030983
2.3540975461397533,NA,-30.993018294919462,PC1,-0.7349065316777572,-1.07557535745169
2.4494777255798375,NA,-30.87282432986278,PC1,-0.6228903301832406,-1.6860766737810822
1.7350912207610314,NA,-30.226375645368304,PC1,-1.1628248583150436,-0.9770792696990428
1.5082378027296182,NA,-30.69091134664443,PC1,-0.6020580528894462,-0.7926058387278158
2.500153145409556,NA,-32.25717050899335,PC1,-0.5209164451777601,-2.1641248675445546
1.8015775512603636,NA,-30.09028208872889,PC1,-0.8359756859157095,-0.9387095005257616
1.302229890632321,NA,-31.434753384431318,PC1,-0.3559124116014181,-0.7070781704415326
1.1156071279148527,NA,-36.2343161547156,PC1,-0.7666905685518891,0.11523216194262931
2.226751796850611,NA,-32.657174840825896,PC1,0.36447726417807985,-1.7182867811812472
1.962635006092274,NA,-34.437379744779896,PC1,0.22682700914346887,-2.3137642172298367
2.0523931549145353,NA,-34.31282309809273,PC1,-2.6707446261882186,-0.2791316225321744
2.1091952744628206,NA,-30.724470252881154,PC1,-0.10848087072408563,-1.451449534173185
2.485866969201124,NA,-32.83154067823549,PC1,-0.5234794675856305,-2.297156873953846
1.2874712836356992,NA,-34.94029731548023,PC1,-1.1736161481773597,-0.935376500140245
1.3371688035645555,NA,-34.04191653285947,PC1,0.010565577450168395,-0.34252055647674184
2.9842618449676417,NA,-32.71321576372784,PC1,-0.33848235280071826,-2.0359514919090596
1.4142635315493348,NA,-30.97777782185288,PC1,-1.184491049250175,-0.30709907409189274
2.1818630478747885,NA,-30.37937175046148,PC1,-1.3009065187687894,-1.4338705683234623
2.3297225170862226,NA,-30.099126967386024,PC1,-0.972588225218501,-1.1772739203204774
1.688550875460379,NA,-35.1001192717511,PC1,-0.1222602850701969,-1.0627279474014457
2.2149565633853148,NA,-32.487395359180326,PC1,-2.074068602449101,-0.8732155682036793
2.145648838255977,NA,-31.039123949955314,PC1,-1.7396135775849937,-0.738619901341433
1.9866974499150452,NA,-30.141890091631275,PC1,-0.8373832789407412,-0.9711351240036279
2.1448192991314277,NA,-31.06964087454733,PC1,-1.7832449884787627,-1.249693308854138
1.8639328509462376,NA,-32.77285121215778,PC1,-0.9178036673034061,-0.0331007783017776
1.7654335804266006,NA,-29.87750698935912,PC1,-0.8178045143361631,-0.9220824502624377
2.3946566512614917,NA,-30.477305544013376,PC1,-1.1391713562015733,-1.2954025437956955
1.6882480563530566,NA,-33.140927005343364,PC1,-2.0806998509733914,-1.0652836763149944
1.0181054584481375,NA,-34.318637540132116,PC1,-1.4154387685921943,-0.13031267447560832
2.130324907839465,NA,-30.529980796937082,PC1,-1.4888966935684251,-0.9500217342550081
2.268937159326594,NA,-31.110682963258544,PC1,-1.2703551860320275,-0.6911820980866171
2.0086101361148985,NA,-29.86759220044889,PC1,-0.9592002193963297,-1.0818416736990337
1.4405062052232753,NA,-35.972193118170374,PC1,-2.8690368053542317,0.1452165224213561
1.7390181867026513,NA,-30.30365438971964,PC1,-0.5168405604876845,-1.1374070771081488
2.673142753213341,NA,-31.1221838559173,PC1,-0.8061352632510769,-1.7841407518035814
1.7613397262785233,NA,-30.267357413399903,PC1,-0.6577885960995371,-0.9858984587551529
2.081339834986509,NA,-30.10226785739094,PC1,-1.0435446218641342,-0.9857154403834106
2.2182325498170155,NA,-31.817264315605804,PC1,0.1306679781648961,-1.7421459214156363
1.739686974986174,NA,-30.77339867193249,PC1,-0.7437790134368498,-1.3771480779486116
2.397012965030902,NA,-31.913091755295795,PC1,-1.13213920584947,-1.2757255394391616
1.6462582202876455,NA,-33.95776683760445,PC1,-2.198543240360613,0.5591558253916529
2.1286536716382476,NA,-30.402444512972163,PC1,-1.5000958192917742,-1.1140474941882597
1.627220959573792,NA,-30.6975655334672,PC1,-0.9562387723336153,-0.2930185202759175
1.313258391690697,NA,-32.68077978028669,PC1,-0.04905970019979777,-1.210797038977115
2.1766979329969858,NA,-30.312343427811385,PC1,-1.440721057253847,-0.8620412575098421
2.4325611667670937,NA,-33.29469469024248,PC1,-0.5720275888009094,-0.7775201068326822
1.7850410829956438,NA,-33.2062574331316,PC1,-1.912211786928975,0.4093634770146507
1.7904971755721422,NA,-31.198876518450604,PC1,-0.5207140735342748,-1.484210624538675
1.8847700250479993,NA,-30.470332812418548,PC1,-0.4568593233143025,-1.438660541017843
2.2038322204776013,NA,-31.90411206472748,PC1,-0.9695330284337016,-1.6227307895703056
1.6299791779063109,NA,-31.58489377614437,PC1,-1.6064530631546126,-0.6996859372875297
1.731552744361929,NA,-31.65574437759733,PC1,-0.3031238318761661,-0.960396915843502
1.2281654758398117,NA,-33.23881547273256,PC1,-1.9560368102167747,-0.30229595190305625
2.196629724710656,NA,-31.197711664013553,PC1,-0.4800873550690451,-1.2334123209949288
1.0059709641135288,NA,-34.86564918027356,PC1,-0.8659704660245391,0.4995257581796684
2.8399959113424136,NA,-36.20716560827349,PC1,-2.845838950949147,-1.4617359377400536
1.978601169425482,NA,-30.654672695484418,PC1,-1.524102012652794,-1.1992438593069699
1.7126398945600931,NA,-30.592024610734917,PC1,-1.218329779997793,-0.28088618699799284
1.785675855754412,NA,-30.72053104694969,PC1,-0.5966640236822511,-1.3804577207303157
1.5013739831431396,NA,-31.656212610096265,PC1,-1.8283789622997664,-0.08276399256002515
2.1022525662532945,NA,-30.417379139261485,PC1,-0.9155801993599176,-0.8977202782834126
2.679715411399322,NA,-32.20653460238424,PC1,-1.9809408772095873,-1.0163324711576576
2.062198426645919,NA,-30.320753574506455,PC1,-0.7228540520079909,-0.8916304458244739
2.507201513582776,NA,-30.9271438634855,PC1,-0.9487235154105848,-1.08734745030446
1.616037989625997,NA,-30.512721214127478,PC1,-0.6149194436128896,-0.5496963534349804
2.444031491877703,NA,-30.51745710520018,PC1,-0.8753604857091404,-1.5499761289422114
2.30409270483053,NA,-31.22808243716807,PC1,-1.502787371501639,-1.497016037338907
2.315736202630795,NA,-30.686782334362807,PC1,-0.9121199373803908,-1.467724557926595
2.4222628831782718,NA,-30.896967939809187,PC1,-1.4669956448555768,-1.3177693251989768
2.6923202562756923,NA,-31.15156222507861,PC1,-1.0003881574959654,-1.3283306638229595
2.7475930519664695,NA,-33.000379170658114,PC1,-0.4537873151750639,-1.1815368085165
1.8123633726793233,NA,-32.602725741339235,PC1,-1.3522271948029112,0.20691552691630608
1.054274629243441,NA,-32.531557482912426,PC1,-0.7704875827272598,-0.22112542530119444
1.737963108844002,NA,-30.471170882448394,PC1,-0.6910836086494492,-1.0893542748668037
2.0710985323965048,NA,-32.16152359582393,PC1,0.1372870141075906,-1.5097438295579952
1.150064786199475,NA,-36.11202226488457,PC1,-0.9109777292509831,-1.4834998600521394
2.1852688669171956,NA,-30.266760217206016,PC1,-0.769319083584847,-0.9494315419499012
2.345172751871565,NA,-31.98807295807816,PC1,-0.09140995311407929,-1.4834565612531891
1.5913368750446355,NA,-31.96423621932888,PC1,-1.9524316201800547,-0.7084722267288253
1.9899199254007203,NA,-30.858337306002294,PC1,-0.09247197736857918,-1.610142086106946
2.0271987464757952,NA,-31.753640033453028,PC1,-1.6757385123731412,-0.07872976641902507
2.8641501535541756,NA,-32.36996364211556,PC1,-0.47924300436497586,-1.5974399493521296
2.4516599701142128,NA,-30.967824735331625,PC1,-0.7857800497536253,-1.5711419415223773
1.7211366054463186,NA,-31.621383518132294,PC1,-0.05465983606012914,-1.252170264114417
1.5492280132047203,NA,-34.170860793095265,PC1,-1.453558345817375,-1.5348916379925035
1.5326028074564872,NA,-31.481365068352574,PC1,-1.2435792641022363,-1.0769395957694965
1.8670751775475678,NA,-30.518488983928318,PC1,-0.7161959133853713,-0.5809992396107252
2.2720567164027643,NA,-31.910193850195917,PC1,-1.4526877376009957,-0.6406006267593342
2.0742277081966014,NA,-36.927509743940995,PC1,-1.8209485979302715,-1.2697319461502912
1.997763867712785,NA,-29.95186220389494,PC1,-1.03641455407347,-1.285263866021571
1.7313215824174761,NA,-29.99129779742598,PC1,-0.9341500440890474,-0.9960455812530011
2.055566678584969,NA,-29.928572167478567,PC1,-1.3079961813097665,-1.070860746924799
2.64218824202091,NA,-32.894889280333054,PC1,-1.9424570466599258,-1.7897352041247947
1.3251612982172407,NA,-31.54365084175973,PC1,-0.39749041065835694,-0.5922116148454085
2.2068218629260583,NA,-31.240629844827463,PC1,-1.1829794757377283,-1.4962472300125815
1.6038250539232919,NA,-31.688098749802048,PC1,-1.4065754573256775,-0.6232183147231504
2.073406367352793,NA,-32.33981662685689,PC1,-1.4027274668078749,-1.7840667714755334
2.700187978906929,NA,-32.2917367768491,PC1,-0.04824835795611826,-1.8598539800859952
2.323815897585097,NA,-30.987379823483895,PC1,-0.5533571449813292,-1.072791650722166
1.9891176313100623,NA,-30.760955922821537,PC1,-1.633773179456899,-0.9326234096023446
1.8163702068670857,NA,-31.423957004729203,PC1,-1.5613509264347647,-0.44841246983866745
2.035745303643023,NA,-31.097171717078016,PC1,-1.7563512639543983,-0.8035420126117274
1.951262732330354,NA,-29.74725288662714,PC1,-1.0222283954803635,-1.0550640395044
2.462627703521497,NA,-31.44840197492391,PC1,-1.081847129559911,-1.1061604266010945
1.7498571223162687,NA,-30.825719196434598,PC1,-0.9091239503508187,-0.7382628706285561
2.55070197436614,NA,-31.907583720029074,PC1,-1.7799285023881912,-1.4727458666968174
1.8249405092504736,NA,-30.42397580343934,PC1,-0.9166114819576913,-0.6707937310254083
2.3884635963100744,NA,-34.99171316451954,PC1,-0.7137841528241806,-2.5726159875244834
1.5663240723658312,NA,-32.31319599478421,PC1,0.3808679924262758,-1.29064979802349
2.2982525925953317,NA,-30.17954677615671,PC1,-0.9285028914917012,-1.12987630012789
2.280604007433119,NA,-33.4030240673123,PC1,0.2917760321434847,-2.245137572967134
1.5402103218833068,NA,-34.03646183886006,PC1,-1.9473103696464658,-1.1836610835135053
1.372901687805443,NA,-31.977423593304458,PC1,-0.35280770130780564,-0.9519822323341498
1.8644627822745117,NA,-30.565117873738785,PC1,-1.4306453037140512,-0.9910883891629185
1.793407760865767,NA,-31.60764129934755,PC1,-1.8800823236025743,-0.7165843525711535
2.0375030838254333,NA,-31.312847043355653,PC1,-1.2238552481496447,-1.1857998890362635
2.444960658761848,NA,-31.398464846090754,PC1,-0.7781592399839727,-1.376642477177458
2.223808136375176,NA,-32.858039110816726,PC1,-1.2177692686742532,-0.2683681320972482
2.6124030181534983,NA,-30.962733098470483,PC1,-0.8867265420752194,-1.3331786228443816
2.4689411282915854,NA,-32.19010946169694,PC1,-0.2913082392581027,-1.9866547253682008
2.51883546783625,NA,-30.917692716157358,PC1,-1.4673500718920622,-1.5739626186785711
1.698389848424345,NA,-33.06637191698138,PC1,-0.052940948803010424,-1.9333964685930292
2.649467068009115,NA,-32.616884184557975,PC1,-0.7578429888425611,-2.2792030420592844
3.4976315887825766,NA,-35.70926361732294,PC1,-1.5109993562977488,-1.6028651406546386
1.8411829225474905,NA,-32.438651011009895,PC1,-2.2698320139793733,-0.2083931823107249
2.5577895913023796,NA,-36.04913266180575,PC1,-1.1156380576471876,-0.5905162427244848
2.5380696756059247,NA,-30.681165213639975,PC1,-0.9143104909869956,-1.3524459314747213
1.9536637861971442,NA,-32.396947046131004,PC1,0.030999989962254226,-1.330040604311611
0.8939462416658027,NA,-36.61510170341322,PC1,-1.4453689790235849,0.9643364953732785
1.624415550430753,NA,-30.531488393194152,PC1,-1.2513111823862137,-0.3312563888956206
2.1724964276345418,NA,-32.17846313850038,PC1,-0.49973552099751073,-1.7103657576251385
2.7514975153891856,NA,-32.05380276156586,PC1,-1.8859899836782832,-1.4889394886112925
2.186909242748001,NA,-31.33546127711384,PC1,-0.4854976679746936,-0.9149843031364207
2.0459844577372266,NA,-30.4844827201585,PC1,-1.3968941919672484,-0.5337666952486785
2.9525525202797263,NA,-32.44618410861731,PC1,-0.7587546356879424,-1.9391034860189673
2.2082330717921623,NA,-31.289942912659242,PC1,-0.5576581549372287,-1.9392770974510327
1.9672225923692757,NA,-34.66501764716105,PC1,-1.640780890214712,-1.1361090582410434
2.1581952067623824,NA,-33.46543970734296,PC1,-2.1992904581730337,-0.9147963456985307
2.0546320220161207,NA,-31.481115841852777,PC1,-1.9849871242115045,-0.5064446854050303
2.493420633347272,NA,-32.04818806622794,PC1,-0.3223068633692804,-1.9169076495929387
1.782459671903232,NA,-30.037395051292908,PC1,-0.7401858167165437,-1.0037836798983288
2.016418318673715,NA,-30.04150933799841,PC1,-1.3669250783722948,-0.9643815393846898
1.9236331625174272,NA,-29.96555522345334,PC1,-1.118838188346723,-1.0444457296544134
2.1766979329969858,NA,-30.312343427811385,PC1,-1.440721057253847,-0.8620412575098421
2.5501494678902374,NA,-35.20835830975694,PC1,-1.1574820746590244,-0.9519190969281538
1.9117167923801361,NA,-31.189357389392143,PC1,-0.9971600651763625,-1.2249224620830856
1.7222637712289361,NA,-32.41978227599388,PC1,-2.218692722997176,-0.5440107593018285
3.0745459807495275,NA,-35.58903051892582,PC1,-0.9370853999696378,-2.2743982916818806
2.069821913796871,NA,-30.887941959241775,PC1,-0.5060927402854463,-1.7315830849206542
1.7116477487751478,NA,-32.22320292234464,PC1,-0.2585968307588649,-1.726455881036036
1.672874871347359,NA,-31.566396843880376,PC1,-1.6477980414085809,0.0401083573149249
1.2524184487071939,NA,-31.621423906959585,PC1,-0.7379272579744242,-0.4512063491618705
1.6287416631340004,NA,-30.667415814670196,PC1,-1.2924354625807268,-0.4530881505581225
1.906607168689298,NA,-31.550942999959098,PC1,-0.4725441156914335,-0.7897184402425199
1.4363112673582563,NA,-32.257132892105275,PC1,-1.5782613979023894,-0.8418531510003979
1.7949642930368386,NA,-35.06815432601859,PC1,0.19587300244064504,-2.244870530655189
1.3081479166337706,NA,-33.59349649374106,PC1,-1.2952032473424921,0.5182267991533975
2.3675260330677803,NA,-31.101388174828145,PC1,-0.5039286274713279,-1.1555381474608046
1.641006982856899,NA,-31.11021369241392,PC1,-0.25005641623903313,-0.7391421480782103
2.966384420845942,NA,-33.62066426895184,PC1,-0.551881244784298,-2.2155150554517626
1.664013128895205,NA,-32.8197086265075,PC1,-1.2844972819571336,-1.5439725430619486
2.2977616140944086,NA,-32.214257441626614,PC1,0.2075959453703496,-1.6100453269777864
1.89903731387907,NA,-30.809210053446918,PC1,-0.25189016553432064,-1.2418263949201376
1.7902962313909596,NA,-31.077838409427567,PC1,-1.501839581173726,-0.7442537590049015
2.974788062387598,NA,-32.84147983889746,PC1,-0.7108327998226875,-1.5597075560567295
2.096096977508412,NA,-31.102464609231873,PC1,-0.3076137723464375,-1.7305634174064415
1.7114083888059688,NA,-32.823836276937435,PC1,-2.256668723236364,-0.6043512912392899
1.8335190439356408,NA,-33.84029622252545,PC1,-0.3317306527754904,-1.8424038954063364
1.7322808258042925,NA,-33.90735094544884,PC1,-2.0509409638559957,-0.7181976483485051
2.138383782943322,NA,-29.99498005088767,PC1,-1.2189484566908793,-1.124339618039727
2.443806685965495,NA,-30.771514251511473,PC1,-0.9091011346149452,-1.0531425710051083
1.444329063928592,NA,-31.208913797664042,PC1,-0.7269165801867692,-1.0171413913717922
1.292001822531372,NA,-34.28281080957711,PC1,-0.10219998724239823,0.10450261000545898
1.189228168257877,NA,-32.051395730883634,PC1,-1.1099941129324893,-0.5685095498784091
2.5463842343339604,NA,-31.171928543271083,PC1,-0.5254860121313374,-1.9906402070955842
2.2535727671613346,NA,-31.534564131650182,PC1,-0.016245769619240957,-1.2657747052562558
1.7189659194844404,NA,-31.484976262402455,PC1,-1.6463148010636033,-1.0788170609460537
2.71112762633423,NA,-34.74226190894309,PC1,0.509034198247919,-2.63833712489604
1.8145083581048571,NA,-30.5957630717578,PC1,-1.7206572527291701,-0.5692885986656018
1.9805413970132602,NA,-31.128283092952493,PC1,-1.9196628512292546,-0.6306416361282469
2.2601210923022697,NA,-30.76718139961283,PC1,-1.718276631983804,-1.0953110966382087
1.6646947173126765,NA,-31.369859768942753,PC1,-1.673047348971204,-0.8628430951978181
1.6684615804553757,NA,-31.933055886604937,PC1,-0.9873815402075605,-1.3794177717178924
2.120411689743791,NA,-30.186997473170916,PC1,-1.0036643699283159,-0.8630715094211405
2.5539018221817043,NA,-32.9133020379751,PC1,-1.7860213404870189,-1.8776371604467412
1.4545521698185961,NA,-31.137350030269666,PC1,-1.3287310883796992,-0.7578613961495815
1.7937083760866825,NA,-30.017082291406442,PC1,-0.6801961847477589,-0.9422578851510491
2.6926121349263905,NA,-33.212268804434096,PC1,0.290451138750422,-2.1455857071330002
2.7367608379710067,NA,-34.81545206838988,PC1,0.20539167998305768,-2.8207068763840883
2.055609727472136,NA,-30.349133501026024,PC1,-1.1083736468069825,-0.8525088530859282
1.5685901345431823,NA,-31.78100332420263,PC1,-0.1989084193048294,-0.6750477520659092
2.097160458685736,NA,-30.344712534430474,PC1,-1.389632377775514,-0.8361637091142868
1.516883973740033,NA,-30.687207466568992,PC1,-1.048697200906842,-0.5813148653523592
1.4215555943251839,NA,-32.76580538068605,PC1,-0.7400426389717896,-1.4178379862317736
2.0800735581750227,NA,-33.509437920608804,PC1,-0.2957982034396085,-0.4571265423221001
1.9596196283689438,NA,-29.98720998750016,PC1,-0.6883646060373059,-1.1108479711023924
1.8902099725573096,NA,-30.90730948795509,PC1,-0.9077553214772197,-1.5271266572998208
1.8377532324418324,NA,-33.326278914363876,PC1,-1.0214196705711494,0.18378778798146564
2.2705410014270138,NA,-31.951985059026885,PC1,-0.370757870016575,-1.1311239103949302
2.4995723433052244,NA,-31.34223452676661,PC1,-0.9163705698602589,-0.9249034546432232
1.7056970530502227,NA,-30.61454466462523,PC1,-0.3729525629968544,-1.1012163762079732
2.073652530978263,NA,-31.942419858356846,PC1,0.15437433358592487,-1.263714523531827
1.730237988251694,NA,-31.507046565641584,PC1,-1.232941840042351,-0.006715570431350459
1.8207298791891353,NA,-30.152184835308077,PC1,-1.408363533347483,-0.8836637617889815
1.4201134319132844,NA,-31.297092012041194,PC1,-0.8502936663298443,-0.22620665162443587
2.306792755232707,NA,-31.50575060770303,PC1,0.014886237818105608,-1.432925332237
1.816125035395472,NA,-32.698387686249205,PC1,-1.7594403906528893,-0.8038025599983094
1.9618815969022942,NA,-29.9537782577451,PC1,-0.7073913121656896,-1.0872370354739997
2.705129751735237,NA,-31.268080315075917,PC1,-1.5747776639010973,-1.356300126147513
1.8691485355070476,NA,-33.82929186107578,PC1,-1.5069746787049711,-0.905335941985055
1.7649685459186668,NA,-34.16678920224748,PC1,-1.4307791357961315,-1.800731384242822
1.9039035254173362,NA,-31.131174567886482,PC1,-1.7704218521138704,-0.27378808723976644
1.9394089544009325,NA,-31.861136163488354,PC1,-0.8265473600134519,-0.907001995844418
2.4226390218866602,NA,-30.639194109444198,PC1,-0.746535964331496,-1.6185188772288095
2.638399675888892,NA,-32.276719358644115,PC1,-0.08801858311174107,-2.198138505196052
2.017886311414291,NA,-31.32805823620049,PC1,-0.6617801692930487,-1.5285828110464006
2.707175937498677,NA,-33.68526198475601,PC1,0.2458314069213695,-2.2057650493336665
1.6626370080745905,NA,-33.52464430079183,PC1,-1.4772398921975571,0.48674462814186
2.0103950344133277,NA,-30.541979684696308,PC1,-0.6046247097233706,-1.5980803197617328
1.7896794192709793,NA,-32.1456166552528,PC1,-1.4292952036767463,-1.4851548928538234
2.124950614282576,NA,-30.24850226804579,PC1,-0.4035695895779276,-1.3500693960612955
2.185794763539647,NA,-30.71585764276222,PC1,-1.0088478201452502,-1.4373063741667513
3.073094435534266,NA,-32.47315393758714,PC1,-1.233770260235343,-1.8438555317403296
2.263392363564054,NA,-30.96512974919426,PC1,-1.4707468358056213,-0.9104792126739387
1.7518550352301592,NA,-30.137816149276958,PC1,-1.1240495944314692,-0.76872240797265
2.2101962285418804,NA,-32.65094473084101,PC1,-2.113674087294078,-1.4245065607383653
2.1729665468985866,NA,-30.719464993318162,PC1,-0.316014751950101,-1.3752710677076956
1.987344563816715,NA,-30.55834090641361,PC1,-0.7209021371569809,-1.5696473999036658
2.3981067187837635,NA,-32.21587087202031,PC1,-1.6861804136971887,-1.663340920118478
2.122499718617234,NA,-30.78618384180919,PC1,-1.688450782222066,-1.2004907701362995
2.2754720103559274,NA,-33.877232909947885,PC1,0.003303044427944546,-2.4599807447933233
2.0169063385349135,NA,-30.444661430638256,PC1,-1.1090810126702086,-1.4648735502563004
2.3638813984939238,NA,-31.646104225032055,PC1,0.08799599609738093,-1.7370733339282234
2.0015056855880218,NA,-30.128337185121605,PC1,-1.0623163582686794,-1.1512959280760506
2.207362986854572,NA,-32.57937732948062,PC1,0.17540851069637337,-1.7311193128403888
1.7286519151572688,NA,-31.206391857910603,PC1,-0.6844666631030147,-0.54212788411984425
1.8173888298520176,NA,-30.19434630698127,PC1,-0.8851160196227121,-0.5790258269082438
1.5218222619435284,NA,-30.483900847408226,PC1,-0.9622698673356516,-0.5689444845479155
2.220054432371742,NA,-30.05663831506108,PC1,-0.8511263678228331,-1.4324981977950442
1.4415095753914486,NA,-30.6785087146245,PC1,-0.7155936326507368,-0.5351082741775504
2.4459083611445673,NA,-30.971764783114136,PC1,-1.3526823463095046,-1.251998504292065
1.7176916914042402,NA,-33.23933117197402,PC1,-0.12761649154290844,-1.9861640271979772
1.5162897869990313,NA,-32.231979956369116,PC1,0.03792098657115739,-1.3484948454087768
3.0663634941929607,NA,-32.737489928293336,PC1,-1.3129768058545088,-1.6604563789019982
2.0633741534134336,NA,-31.10853381491433,PC1,-0.8681247908883438,-0.4740074654805992
2.5369498333327227,NA,-30.932943571282795,PC1,-1.2123922952983919,-1.319851775339958
2.7023794225354556,NA,-31.949096523864114,PC1,-1.3746995791838077,-1.1461410092059046
2.0976709487685525,NA,-30.44432082787852,PC1,-1.102738480221374,-1.4184476699555204
1.4450336450200625,NA,-32.169010812750805,PC1,-0.7196214087429225,-0.516153614884382
2.0683415863759556,NA,-32.75565059159817,PC1,-0.9948790272679895,-0.3080805148682167
1.82700643735127,NA,-32.11906072498392,PC1,-1.294599661596239,0.09088012086127889
1.9824379433742223,NA,-30.075378847013486,PC1,-0.8356178185862446,-0.924330794609225
2.4169575468081934,NA,-30.74823376483185,PC1,-0.8887136077061218,-1.837939079023108
1.9210555252576031,NA,-30.041391389417146,PC1,-1.4434537347758962,-0.7395690101176521
2.065559434145149,NA,-31.849245907615423,PC1,0.22965206502362,-1.3992635428842048
1.440220219596146,NA,-32.24291137728335,PC1,-0.7330434689677126,-0.19422687730075744
2.321437001608562,NA,-30.57133608758331,PC1,-1.099800533618511,-1.5655915976933457
2.4095636542322145,NA,-31.79968048857494,PC1,-0.6278468426663205,-0.8789280998772039
1.9051679500289411,NA,-31.386572582505895,PC1,-0.8350462996524917,-0.4625373515616539
2.1996381779384344,NA,-31.199877626377972,PC1,-0.6375030695390604,-1.9359616331569889
1.942413179027977,NA,-30.59535913426757,PC1,-1.7618849102328002,-0.8066755985909022
1.3788899386229012,NA,-31.050803174953298,PC1,-0.5109609007798473,-0.6029260187453301
1.9009072636021183,NA,-30.903340993387935,PC1,-1.2379231156327368,-1.0493958322021215
2.4542538941838083,NA,-30.706293261484234,PC1,-1.165734540198645,-1.3056926021317903
2.4699033176783938,NA,-33.15610400231779,PC1,-1.8640838514562448,-0.24991179708558708
2.762156578158195,NA,-31.751309429182385,PC1,-0.9358323206944963,-1.7708166651097614
1.9999400027401373,NA,-30.109136189495946,PC1,-0.6092061896254285,-1.1699176809880332
1.6669487641770269,NA,-34.72795746877229,PC1,-0.1374421095206484,0.06753120468647716
2.2156420188809736,NA,-29.931119051914624,PC1,-1.2049735276586375,-1.0806022298847595
1.3683929720990486,NA,-32.548593540341145,PC1,-0.7138486115782794,0.029599880075581536
1.7420033673741122,NA,-30.66627216224903,PC1,-1.3343849729730095,-0.7355242601695353
1.4241144518559108,NA,-31.82610604149152,PC1,-0.3522898045667795,-0.4999135775567014
2.220095439365804,NA,-35.17656736430224,PC1,0.8685664216465458,-1.6431921415855268
2.2420575719494416,NA,-31.79803973156922,PC1,-1.659098667793518,-1.0344180996456398
2.1337002040370785,NA,-30.308996607981737,PC1,-0.6347568889099009,-1.0948217353366436
2.194051321365632,NA,-33.47536979969241,PC1,0.17677981862362357,-1.9699511527498479
1.7425556871553196,NA,-31.10674867058014,PC1,-1.3617079361266784,-0.20344332146503802
2.0879449069163813,NA,-30.419618577614383,PC1,-1.1648940995741375,-0.595642130680589
2.027475481782922,NA,-31.455050749700877,PC1,-1.646624890997397,-0.15908056556188532
2.5112092642619226,NA,-32.63749754844653,PC1,-1.5111827653062315,-0.5979920828745641
1.5260033052887205,NA,-30.734407848856307,PC1,-0.4646781511314798,-0.6158040208141293
2.588918172489457,NA,-30.785795750068733,PC1,-0.7481811464076293,-1.7051407664814346
2.426598447504042,NA,-31.634838777808294,PC1,-0.25090937368501637,-1.8526095017891702
1.786202885309753,NA,-30.78287368930508,PC1,-0.5560053183768648,-0.8114407741515255
2.2746638068117147,NA,-31.234646949594392,PC1,-1.9761567625023484,-0.9858235922872725
2.8373562553474123,NA,-33.38244338797392,PC1,-2.003702115272996,-1.093776148401888
2.508629133061925,NA,-33.088242611442766,PC1,-0.15820146451209177,-1.122040962961461
2.3784694914360096,NA,-31.908246153784678,PC1,-1.8806289213489271,-0.9412812772773866
1.4394496565591322,NA,-31.681707761641974,PC1,-0.032632366844491445,-1.1689799507623355
1.4182589118853564,NA,-30.974218615599405,PC1,-0.5572817695761052,-0.48452748472468904
2.0290075352950083,NA,-30.41508281864369,PC1,-1.6178204214740497,-1.0126005151182331
2.5924770756344393,NA,-32.75423638532901,PC1,-0.9867535212315344,-2.1368497546469496
2.5675447325845684,NA,-31.255845305239692,PC1,-0.8448990064603223,-1.8458163376709107
1.8522631856357759,NA,-30.134387064380377,PC1,-1.2710652462086225,-1.0758846684126475
1.9085143994337046,NA,-29.951084538672234,PC1,-1.1347400574416495,-0.6913208167369839
2.1038344205220545,NA,-31.798807972364983,PC1,-2.187928987191888,-0.3783547921040701
1.6474972863581163,NA,-30.322970537744695,PC1,-0.46209423167657143,-1.0616084005203943
2.219667160908989,NA,-32.673451938990084,PC1,-1.528294496702747,-0.08680828429471722
1.954824024089001,NA,-30.108299128680954,PC1,-0.41739535928329174,-1.2580096141772064
2.2182444888698907,NA,-31.70006231859926,PC1,-1.9470962708608357,-0.5871495835138104
2.1109059866067517,NA,-30.472799851877618,PC1,-0.6617890700471558,-0.9554674731576913
1.7876588217567753,NA,-30.052998675833106,PC1,-0.9052370847661596,-0.6642337314923771
1.4113326995391682,NA,-31.142493676498823,PC1,-0.60142529064807,-1.0218261045672745
2.7999203011501583,NA,-32.908833563393706,PC1,-0.796398448134338,-2.2459040859804427
2.322329532689796,NA,-30.821803184382773,PC1,-0.7530646944741111,-0.9197068365668342
1.7816075629375392,NA,-31.489370962606085,PC1,-0.8969438501306354,-1.5860918560857937
1.6745053588091379,NA,-30.712383697673676,PC1,-0.9022789978526788,-0.31448574118115763
2.0917035139108475,NA,-32.712065379769534,PC1,-1.1173323289086108,-1.9294230602446878
1.7141346606449017,NA,-34.17448710083449,PC1,-0.5781866593933114,0.0919140050378971
1.9555207191895692,NA,-30.08551515650935,PC1,-1.155846708124625,-0.7341352996376397
1.8942617993047737,NA,-30.508559669354597,PC1,-0.2719283151316043,-1.0387374234300635
1.6920581691690921,NA,-30.644239139629406,PC1,-0.38774730112057454,-1.291383498862288
1.5780913407791304,NA,-31.40647235398393,PC1,-1.0819392414361033,-1.2346869023087441
2.3016045654852686,NA,-30.639830727849287,PC1,-1.074288244910386,-1.0076928013043627
2.1247811781750374,NA,-32.74867715134047,PC1,-0.0408036460481207,-0.7183042290569391
1.3444849552576665,NA,-35.7995249275032,PC1,0.2848382172047911,-0.1833837747647742
1.4023766773600579,NA,-30.854135449017484,PC1,-0.5723725913711022,-0.7867417366264107
1.9233404864581747,NA,-33.186032650792846,PC1,-1.072561911374624,-0.996109265351664
2.1741172895071856,NA,-30.51719978237798,PC1,-0.826437200992213,-1.1056321243737293
2.316620327762709,NA,-31.512502128543854,PC1,-0.05325950942158243,-1.989641990669434
1.830887312541258,NA,-33.4371306040832,PC1,0.4918078480472329,-1.4831999101827529
1.8493705926701363,NA,-31.441514732270036,PC1,-0.695357128215856,-1.6950750919232331
1.8743217166042296,NA,-29.988440189553078,PC1,-1.1305628593577908,-0.6965551305753228
2.364258598552543,NA,-30.615281508872656,PC1,-1.2692589185784238,-1.6070010461283983
1.7853699945821693,NA,-30.923780593183906,PC1,-0.8229006938160499,-1.32348929952208
1.4850411125040883,NA,-31.01452065383547,PC1,-1.5214171220057249,-0.3446249752131808
2.2814937306169405,NA,-31.487739069046718,PC1,-0.6251538812654757,-0.8648707007068045
2.821287036329767,NA,-32.495470215025044,PC1,-0.23963549411009943,-1.983811576842378
2.8513635523128498,NA,-35.54279232802535,PC1,0.4534984053439519,-2.5067601547584957
3.001858223809186,NA,-32.94948569823766,PC1,-1.7720075172845824,-1.8999279562340985
2.789831809672913,NA,-32.127531931090594,PC1,-1.857740717788599,-1.2254695249369623
2.45389608636292,NA,-32.659398837224245,PC1,-2.2476809739877877,-0.629909005612471
1.6972656680328218,NA,-33.06178634907787,PC1,-1.520310209426716,-1.3928039258211762
2.1145526865729107,NA,-30.323008820329246,PC1,-0.713869207518719,-1.1118649750121765
2.1640227182718967,NA,-33.98808136695026,PC1,-0.6938014863519072,-1.870290108593886
1.566188011381593,NA,-30.9613192075925,PC1,-1.660611031067914,-0.37221491951507607
1.1028358897193042,NA,-32.56291186188879,PC1,-1.0470222825193443,-0.18449621294088703
1.5802258423915327,NA,-31.454757419991804,PC1,-1.799225514960448,-0.4389069443042381
2.075854877025579,NA,-30.436711237478846,PC1,-1.438218539027638,-1.2797687462636687
1.5734776516293252,NA,-31.758906898580754,PC1,-0.5604492482288936,-1.292427143516815
1.8997060165208033,NA,-32.5601016400654,PC1,-0.2719711066101189,-0.5627034950001333
1.7196991626406872,NA,-29.956320731189898,PC1,-0.9973904535801361,-0.9076528606746093
1.418676197964082,NA,-31.091898548063988,PC1,-0.8448539654075169,-0.630663933285681
1.328843444632563,NA,-34.986400658302315,PC1,-0.3020576247203578,-0.8939332431695337
2.3322926103553687,NA,-30.65981505197096,PC1,-0.31235653131570595,-1.5555363504675277
2.994935423573886,NA,-36.27203431739098,PC1,-1.3122802122609207,-1.0269108288864008
1.7327324875649066,NA,-33.60361864300646,PC1,-2.5040742691067157,-0.71777768534298525
2.6580611805493626,NA,-33.36319427798764,PC1,-0.6389161432142497,-1.9017434781044082
1.93413356797595,NA,-30.380935757720586,PC1,-1.0517997511998503,-1.3341086984427788
2.187764692976563,NA,-31.323414408142852,PC1,-0.7286522147680797,-0.6469459762593871
2.7310117816264765,NA,-34.46094828557557,PC1,0.0327557190808449,-2.488831873538197
2.008486765423741,NA,-30.18663689349756,PC1,-1.069015233024233,-0.6953145036295698
2.1128911459541944,NA,-31.142929230887678,PC1,0.026632884379505783,-1.5602620863166425
1.3883347453456392,NA,-33.100871759441716,PC1,-0.32774636669085416,-0.5726804562670512
1.916956363850257,NA,-32.04810191017073,PC1,-2.094767956732397,-0.015925587120346307
2.578954220290857,NA,-34.72566328633734,PC1,-2.1601319075426106,-0.74648557953902
2.609753755342754,NA,-31.066168583662964,PC1,-1.4224076669174577,-1.0869190384734904
2.545708008373513,NA,-32.400004491753734,PC1,-0.14499217876627302,-2.333885171126273
1.6568853761567186,NA,-30.244274159722405,PC1,-0.5801315238961496,-0.7384630442561063
1.7419425051373896,NA,-32.650404454977384,PC1,-1.207673001004281,-1.056649830004164
1.760446030026393,NA,-33.25618938668806,PC1,-0.9403292059359971,-1.8276251126385563
2.6131482783996076,NA,-32.25852126760033,PC1,-0.7890046538647703,-1.1162515927510843
2.166464319114067,NA,-30.79442344358192,PC1,-1.8681319625031056,-0.799894044604404
2.5194746740728977,NA,-31.40832490449017,PC1,-1.4292653358473584,-1.7033967925324796
1.6697638302373567,NA,-30.732102420310042,PC1,-1.3966338486663892,-0.8347518199305829
2.845607020685209,NA,-32.635448045181654,PC1,-1.0522672324550686,-2.0747644677630306
1.728267296384369,NA,-33.85632201176555,PC1,-2.1407217531889433,-0.9068423527043539
1.4164287186454068,NA,-32.48604249395206,PC1,-1.5636521009767759,-0.9316397154476181
2.2589161241840783,NA,-31.006338740023473,PC1,-1.0036835382662412,-1.1263937987999528
1.6583717951559238,NA,-31.645879380373206,PC1,-1.5040628732357348,-0.018174166620815516
2.122870413151446,NA,-30.139403967293937,PC1,-0.8786607485784357,-0.8520540113086049
1.95862971181293,NA,-31.713845791066316,PC1,-2.1457538495694943,-0.23872996578682382
1.2915121339300382,NA,-32.39556040703437,PC1,0.005890757314856623,-0.5780775078168054
2.2241356447630523,NA,-32.8009012814347,PC1,-1.126193636846223,-1.922486173414375
2.2063768648117756,NA,-29.996994496390826,PC1,-0.7376855438684745,-1.3967507659526894
1.5504512154972159,NA,-31.45065065465984,PC1,-0.3026407568390336,-0.47452372068282983
2.72318057214803,NA,-33.02354200165914,PC1,-1.8204657098360955,-0.5884998113778745
1.9207836390689446,NA,-31.41462843553465,PC1,-1.4376367791307272,-1.2139728033603878
1.8746291297235167,NA,-31.1351995740124,PC1,-0.6308232756860108,-0.4361513168310315
3.2109029544217442,NA,-34.12110677613011,PC1,-1.6534816100705212,-1.7800223268190807
1.9009711587094458,NA,-33.30100479150088,PC1,0.2329413975895046,-1.3344232303582755
1.5870579694048528,NA,-30.469783407562304,PC1,-0.650433785361344,-0.5847001125258126
1.2661635759158893,NA,-32.24830618876982,PC1,-1.3494709215032268,0.1453595868669058
2.034585309251772,NA,-33.407437381871745,PC1,-2.131309250594122,-0.2005534877300582
2.0742997337591405,NA,-30.31881656625515,PC1,-1.2875796360968648,-0.6295950605549978
2.0517197106342704,NA,-32.41109959496677,PC1,-1.412770270690044,-0.3421653926660438
2.0683098789066263,NA,-30.12038353475888,PC1,-0.7509274393892249,-1.0695124622083518
1.4821010072627139,NA,-31.830406988268084,PC1,0.02800937343962502,-0.779714245389925
1.9388524969461016,NA,-32.276445950648245,PC1,-1.2685941232375963,0.014662934732913913
2.064146846185354,NA,-29.82084061219641,PC1,-1.1641050569993139,-1.1237454550386639
2.1931967318712657,NA,-30.70136407070712,PC1,-0.562781419466263,-1.6637797427472618
1.5221595149564506,NA,-30.733075334219205,PC1,-0.649279647544324,-0.7043864613500632
1.4357997123326065,NA,-31.80098467580651,PC1,-1.2262260041919852,-0.9790709373036603
2.033530714266473,NA,-30.409236997183488,PC1,-1.0294578879038798,-0.6250163603520213
2.6169424923037807,NA,-32.3649394055447,PC1,-0.806709679666634,-1.884236109868084
1.7650902605022525,NA,-30.716968006075998,PC1,-1.4346047621301918,-0.9719089069239403
2.7829228486016278,NA,-32.87253378425159,PC1,-0.2860088191826151,-1.4259358551672743
1.3691224203391101,NA,-31.59454183864165,PC1,-0.6097318105687537,-0.5167116796298123
2.551054687294475,NA,-30.704820928177284,PC1,-1.3156295075984648,-1.5117366739974323
1.5795406458566286,NA,-30.626906781049396,PC1,-0.6402753441617057,-0.8371839388668049
1.9374155229900913,NA,-30.452170456166417,PC1,-0.795510023615461,-0.6923675027867964
1.3865423711493186,NA,-32.07438993704622,PC1,-1.0135940447940002,-1.1179707436163016
2.5712271427444833,NA,-30.708537379491155,PC1,-1.299157552318935,-1.2396445260697118
1.6454183273036105,NA,-32.60229805759077,PC1,0.26181299924372253,-1.2712508725707865
1.957314622881859,NA,-31.3520405314521,PC1,0.17639602852414227,-1.3822424163052358
1.4665893917377093,NA,-34.42392979837118,PC1,-1.0991903953434958,-1.3019074098125156
2.798223998322666,NA,-34.03432060242147,PC1,-0.5746590829833966,-2.6051619421176815
2.23748679613974,NA,-30.23048459439938,PC1,-0.9558986084700816,-1.5072404035146576
1.6165458570465003,NA,-31.545406978882703,PC1,-0.6097409261891329,-0.519495468084076
1.902645700445811,NA,-30.167300761117875,PC1,-1.509585192233897,-0.73764328742773555
1.7986684109391584,NA,-31.24101986697866,PC1,-1.1608883113821753,-1.2568064932084169
1.7270774599513659,NA,-32.503805971901755,PC1,-1.4940699962506256,0.2337406364791727
2.250189231056825,NA,-30.76544171943557,PC1,-1.3229708958360709,-1.4389200166779337
1.4726528173759048,NA,-30.9153602350713,PC1,-1.4514033977286684,-0.31468805851628984
2.067292389170085,NA,-31.75939146411468,PC1,-2.1512983244975805,-0.48586012296593767
2.254033431406832,NA,-30.135635440555617,PC1,-0.7982436630437504,-1.2520048130747683
1.631415924793121,NA,-31.319835685683277,PC1,0.008010041996492481,-0.9730521827009331
1.8059034149889541,NA,-31.433409515176383,PC1,0.16376395858294257,-1.288404041010362
1.9944808658770188,NA,-31.06268907528796,PC1,-1.2796053695439604,-1.4786357056010178
2.8454799162144897,NA,-32.410629482586884,PC1,-0.8504536801797318,-1.3742315751011356
2.0320587296497346,NA,-30.882191568245727,PC1,-1.8745085991068215,-0.7097598959575104
2.2391115411609963,NA,-31.60041794340092,PC1,-1.664010050409658,-0.3436862154448077
2.741927067591698,NA,-31.67887782584135,PC1,-0.6914640817164137,-1.6064699134233074
2.5285880468649804,NA,-31.820557166804864,PC1,-1.6478710204155573,-1.7666699110579218
1.0674450810610738,NA,-34.06192476816248,PC1,0.11326400623701155,-0.46279749095586276
1.8184208102738886,NA,-30.513916273924437,PC1,-1.5364667787306518,-0.8973647296489029
1.4314045330854326,NA,-32.9111622765905,PC1,-0.39828947687665495,-0.16501436509158895
2.6605337310846724,NA,-35.44430826696589,PC1,-2.4115124828069496,-0.6213985593684598
1.6398785702835201,NA,-32.957233345532266,PC1,0.47779642666829425,-0.8904198339045101
2.0104047316000813,NA,-32.03836681001922,PC1,-1.4801399783451572,-0.7082191708801893
0.7304651307798549,NA,-38.02916713853698,PC1,-1.2310242282977988,1.0693712813347411
1.3306552847089306,NA,-31.995244039197697,PC1,-0.8768086308358805,-0.9326713436288254
2.2932040613652425,NA,-30.337059131201798,PC1,-1.2138410708942349,-1.2825316809622456
1.7054962370598028,NA,-31.740311551354242,PC1,-0.7289963872521696,-0.5637215393396606
2.304702387684832,NA,-33.34827242003647,PC1,-2.2417658136403746,-0.5975030778099071
1.3865492768155343,NA,-35.70100320308684,PC1,0.7737638020488845,-1.099799856912028
2.1524025806384484,NA,-30.481084306661238,PC1,-1.237163760225826,-1.3197121173827333
1.4734230593462971,NA,-32.926741302111196,PC1,-1.7854046945462816,0.4085493545942458
2.793823270741077,NA,-32.821257896979304,PC1,-1.1450941354422266,-0.9918346105905413
2.733368543916604,NA,-31.27590272930162,PC1,-1.0721495995559045,-1.9105439386403034
3.0089771300469508,NA,-32.27200054963415,PC1,-0.952832217963653,-1.6339353281812254
1.657087655275264,NA,-30.179710487565867,PC1,-0.6472527478517698,-1.0126800498354864
0.9442390666720075,NA,-33.43233866590637,PC1,-1.1280846247481717,-0.13172055308312186
1.8746291297235167,NA,-31.1351995740124,PC1,-0.6308232756860108,-0.4361513168310315
2.707664041721436,NA,-31.29549442201482,PC1,-1.1859109946796602,-1.6847756744191038
1.5260033052887205,NA,-30.734407848856307,PC1,-0.4646781511314798,-0.6158040208141293
1.0659615520052086,NA,-32.48619230974788,PC1,-0.8627821795034176,-0.2984158994322371
2.4787808696033613,NA,-30.585179778786053,PC1,-1.0623321322622792,-1.6960218338497177
2.05013838140008,NA,-29.912420049781183,PC1,-1.153481138925893,-1.2207942859437195
1.786375356764237,NA,-30.589430579752467,PC1,-0.6540297096026958,-0.5368087625575215
2.557110350994413,NA,-30.727624426051293,PC1,-1.421751454227376,-1.4477999837536122
1.4711284956883195,NA,-31.85150125972791,PC1,-1.1820842668317009,-0.8479226997767659
2.358847894053325,NA,-31.18875829239482,PC1,-1.9013413385453062,-0.7840169499191586
1.2068730743160279,NA,-31.732871530107143,PC1,-0.5366980305616433,-0.6370301406023996
1.9611635088142245,NA,-30.848312754120467,PC1,-1.6444480081107364,-1.004587767377291
2.5898998722018933,NA,-31.51163430529943,PC1,-1.5893055078968887,-1.7237682261414313
1.2995119537935294,NA,-33.74454507014252,PC1,0.32856554450120457,-1.4188546837508955
1.970613863122756,NA,-30.014895006844647,PC1,-1.259592911952367,-1.0953900860987873
1.6269112977074887,NA,-30.53387793211182,PC1,-0.8081638036490115,-0.45586783779759726
2.488967924871963,NA,-32.59108785888684,PC1,-0.6822094928463531,-0.9896882491800755
1.4338728245837085,NA,-31.017895797248485,PC1,-0.788499281359349,-0.4600700755411654
2.544035075227294,NA,-31.162002095047153,PC1,-1.7552025631070114,-1.3375529284378036
2.278598755946529,NA,-33.48982371407888,PC1,-2.5316667229989296,-1.1439868168125995
2.2495098888404796,NA,-31.50198242010795,PC1,-1.0675109411994366,-1.876985218938353
1.9904794358569684,NA,-33.172452584903006,PC1,-0.6337087703976727,-0.46785787854363503
2.114645784627254,NA,-32.33728734879149,PC1,-2.014553834764314,-0.26242029021772384
1.5780913407791304,NA,-31.40647235398393,PC1,-1.0819392414361033,-1.2346869023087441
1.6221636449238808,NA,-32.38474797770603,PC1,-0.25979014558405056,-0.8280848069829598
1.4101380364862222,NA,-30.855771490165093,PC1,-0.6435790902368815,-0.8338240368507496
1.8360537742395397,NA,-29.808367985454232,PC1,-0.8197026445785897,-0.9414403006297581
2.433935478792933,NA,-30.449547409874206,PC1,-1.252580697733764,-1.4957214046310376
1.8094239949953246,NA,-31.535279074000194,PC1,-0.6929143522620569,-0.9575690890393326
2.2908634575016142,NA,-35.17626668370723,PC1,-2.88825526438168,-0.85044436092276
1.8770724681617599,NA,-30.16919356086568,PC1,-1.1559875456031636,-0.7510866173914446
3.813596181456108,NA,-38.05327690097644,PC1,-2.3014337969574665,-2.5245569304387936
1.7687890393661558,NA,-30.519383129732493,PC1,-1.230005287762004,-1.0258467041834554
2.609573982841105,NA,-32.05373507234611,PC1,-0.8823094012737205,-1.1081789003723166
1.939164677605807,NA,-32.663635417496884,PC1,-1.3241849673085737,-0.8767045946209728
1.8306393072298115,NA,-31.12060779974683,PC1,-1.3607156195221077,-1.3100624627452422
2.264280157979402,NA,-33.99703347751158,PC1,-1.4660891102834073,-2.1443344862329727
2.9685677623552964,NA,-32.67583576761357,PC1,-0.3974211872593848,-2.289246579976767
3.042715975094404,NA,-32.214798078180074,PC1,-1.2030607061216712,-1.9752682360242073
2.1908106492304147,NA,-30.69782311730452,PC1,-1.5957572340627941,-1.1090214115089452
2.4901325286718494,NA,-30.883931626486874,PC1,-0.8256017182789733,-1.146903081032408
2.5043832743029486,NA,-31.586815374099743,PC1,-1.5830929002471295,-0.7288087865487063
1.2075088989944187,NA,-32.474580085650054,PC1,-0.762215031772358,-0.7641930972351424
2.2329373878601473,NA,-30.163262035690682,PC1,-1.250195940904148,-1.0663658272351326
1.5541781902762402,NA,-31.08402394509819,PC1,-1.685007407693567,-0.4629234908920646
1.5603241015263491,NA,-33.39441115965411,PC1,0.5355618581497625,-0.8621921029640793
1.822675273724213,NA,-32.93131064699779,PC1,-0.47499926089798017,-1.6691928664307665
3.027800837812187,NA,-33.11683037887835,PC1,-0.270997814114891,-2.230764778637135
1.1741768536765267,NA,-32.9844343958375,PC1,-0.29391715823343,-1.0598126586025107
2.5485002101341148,NA,-31.408803019683408,PC1,-1.5576534109253277,-1.6441551452663792
2.505982604873499,NA,-31.3477055229009,PC1,-0.376507430954762,-1.3718327064433111
2.2497880347695665,NA,-31.031133357694827,PC1,-1.7236131720907393,-1.1930531185832962
1.4742111635442572,NA,-31.620009215523783,PC1,-0.5055303284676157,-0.8885400808265442
1.492910286807598,NA,-31.539801275471294,PC1,-0.8917355809121804,-0.26349709057710724
2.2842420577443026,NA,-32.241964628312886,PC1,-0.516656204642522,-0.8649671484731322
1.5006543679374322,NA,-31.676918944090925,PC1,-1.7422036964729037,-0.11719004704743677
2.1759628195929652,NA,-30.65875441976149,PC1,-0.5286911399897867,-1.6941489138517694
1.505367896786767,NA,-31.539726096709,PC1,-0.22051001923245217,-0.8543117502458264
1.8963434959302936,NA,-32.85821756544627,PC1,-0.9436619447561898,-0.36815295928483455
2.1835991503848473,NA,-31.646269564379494,PC1,-1.0018141008407055,-0.5095243263981354
1.8672659287218296,NA,-29.9532785311365,PC1,-0.7975061610569125,-0.8602645411163117
1.4504335714583159,NA,-31.373975781769293,PC1,-1.1343650216296075,-0.29026542206718237
1.633628566131841,NA,-31.121367766395867,PC1,-1.2380743113610615,-0.3585368534405642
2.5739065073367215,NA,-32.772310981054545,PC1,-1.444458030052328,-0.8630378482855883
1.8496171778703676,NA,-31.232747656813704,PC1,-0.0323016795639301,-1.6321951279882099
2.2803341082228004,NA,-31.898246438158466,PC1,-2.1215640966528433,-0.5810218708635531
1.9737131837645485,NA,-30.17490514843292,PC1,-0.4810594951479151,-1.010922147202649
2.0831195849738533,NA,-32.10709441220898,PC1,0.14417582956279978,-1.0774886236098358
1.8506384318489506,NA,-31.61282648298279,PC1,0.14425618008080499,-1.494647359865161
2.3732346583539043,NA,-30.750775191573542,PC1,-1.2718573244026061,-1.3453310546576946
2.100494902478806,NA,-29.94726815169503,PC1,-0.7262126487678828,-1.148229035647031
1.5482340544473387,NA,-30.36618522680017,PC1,-0.7168533164090092,-0.8246842881745793
2.25286366070206,NA,-31.319234852130993,PC1,-0.8584573206573546,-0.7382709730876615
1.670735608210861,NA,-32.19965885909419,PC1,-3.8386454962535677e-4,-1.0672716214119076
1.849706725779954,NA,-31.255882294307867,PC1,-1.3263496924239018,-0.17743495539201742
1.646048786042968,NA,-33.05130516250282,PC1,0.40629382988798,-1.2344458028678809
1.5698554586698914,NA,-31.3185831459074,PC1,-1.6856674757354375,-0.5990995792381937
2.8666195663345095,NA,-31.643398738418217,PC1,-0.7540142960244062,-1.9260457766799668
2.0639153660897187,NA,-30.472067248149017,PC1,-0.862710025244204,-1.0714635259282148
2.7814110095926154,NA,-32.12507026698017,PC1,-0.9423713649311473,-1.5817549744886799
1.6679232909366881,NA,-32.482941613163,PC1,-1.260400127325127,-0.662141891366784
1.6066313024474967,NA,-30.714720574650148,PC1,-1.3962852937793546,-0.28793372605782447
2.33365174340629,NA,-31.973790781071063,PC1,-1.4914516698560893,-1.4974635923300277
1.6532729090320681,NA,-31.01429293668492,PC1,-0.8003456679100914,-0.26652543977122445
2.4710488389552205,NA,-31.773460433136876,PC1,-2.1006456801413216,-1.0298673847245952
1.8423925708956383,NA,-31.355925378543517,PC1,-1.6457052110841162,-0.8560440988191889
1.1552517646020004,NA,-32.444939541245176,PC1,-0.4333907469133683,-0.2768338330684327
2.5406196319710133,NA,-32.568710868683034,PC1,-0.6045747874623723,-2.2300948991260254
2.226903741627747,NA,-31.51638731815502,PC1,-0.39597010315810066,-1.994972444326491
1.8239742374378427,NA,-31.919650351126176,PC1,0.08835272271624996,-1.7831667363742363
1.942316994918266,NA,-30.021689518804337,PC1,-1.041747279093787,-0.8050854835362804
2.475561270483204,NA,-31.656667648894057,PC1,-0.7030243450635361,-1.9732672377534546
2.1940353053642547,NA,-31.845255524299038,PC1,-1.7502124487971706,-0.9085445844722517
1.8364762590736783,NA,-31.382088459773403,PC1,-0.23287993602764046,-0.8887351897969257
2.3803938528144792,NA,-30.95708794380795,PC1,-1.2625206637615223,-0.9847291719925275
1.859410798555108,NA,-30.379953997343666,PC1,-0.23889011703893687,-1.214797429925797
2.0416364323776635,NA,-30.35259804693429,PC1,-1.1276516397655731,-0.6913908547248273
2.093561241088659,NA,-30.072956106323293,PC1,-1.0806735886652223,-1.155437542524373
1.3833392067265258,NA,-31.961612706493312,PC1,-1.5824929594604125,-0.1902913917053516
1.8432805496947444,NA,-30.637720826982036,PC1,-0.7610023299520969,-0.8737566919721762
2.1398448035750524,NA,-30.390337666672185,PC1,-0.4011148311388554,-1.295388928299558
3.6903868133178923,NA,-35.311273140192284,PC1,-1.4016501844094815,-2.325420370622742
1.9367627595714132,NA,-30.935987557547865,PC1,-0.7052355377553478,-1.6630434047313323
1.8973767551306624,NA,-30.56781180682788,PC1,-0.3097996015314393,-1.3106946958047507
1.980306817009886,NA,-30.755536003595516,PC1,-0.5863852680373939,-1.6239193022259117
2.5958838505733874,NA,-32.15177137890284,PC1,-1.9969563744972991,-0.8487585279336034
1.9089993138112438,NA,-30.479215916139598,PC1,-0.4026841293516792,-1.524073510096399
1.8915729045662368,NA,-30.973027917056584,PC1,-1.3663318494788474,-1.3525483337603643
1.9411339057595347,NA,-31.11110092255014,PC1,-0.13734227325620463,-1.714026959556586
2.0249402645354198,NA,-30.44913061876135,PC1,-0.9355283891857393,-0.6187349032691185
1.358229257014636,NA,-31.80402481215453,PC1,-0.5565290535117868,-0.23012250801251316
2.1506474272000964,NA,-30.311954476752184,PC1,-1.4239674688133732,-0.8594966038914358
1.9408923336679476,NA,-31.330563774732983,PC1,-1.4529906135815993,-0.3920828218246204
1.3565960493243225,NA,-32.06713572518228,PC1,-0.251873931211647,-0.4119024350636852
2.7480085031203494,NA,-32.22174914648445,PC1,-1.675916891111139,-1.6456568645127665
1.9216716844068884,NA,-30.886313984056425,PC1,-0.2294852666042237,-1.226489941085688
2.843567582649325,NA,-33.84940347118653,PC1,-1.3192446077744653,-0.8036537313836325
2.283982609354307,NA,-30.439765258545975,PC1,-1.1747014450765956,-1.583559487322126
1.7887654664740011,NA,-32.07661234333406,PC1,-0.3184661275454487,-0.5478247738340339
1.705476827764468,NA,-31.372694280612635,PC1,-1.4374676002031475,-0.35173866753962746
1.7110041415846733,NA,-30.003059287618452,PC1,-1.151243486679697,-0.8000501213000986
1.647438402853233,NA,-33.50856972732179,PC1,-2.051816493673244,0.034059506302806186
2.3179285588273038,NA,-30.683709497363285,PC1,-0.624112894929606,-1.832703933328592
1.52154073080867,NA,-31.707478919166473,PC1,-0.16404420750936477,-0.5139184312932439
1.5190526646953164,NA,-31.61788139610663,PC1,-0.07694664427898307,-1.3358546241691442
1.3641934983974044,NA,-31.31039875146172,PC1,-0.3075924669185761,-0.6278121547583899
2.0327852905123986,NA,-33.15316126715109,PC1,-2.5862788010043922,-0.6379288722533003
1.9169446586541843,NA,-32.0598533073437,PC1,-0.42493910573495797,-1.9493599731476987
1.808242230789743,NA,-29.993493582959264,PC1,-1.304053023542732,-0.7088104340158342
2.289190255265494,NA,-30.251772304907703,PC1,-0.6603072933486336,-1.5045728260837643
1.28645679670907,NA,-32.380441388193155,PC1,-1.5591749714029217,-0.4634129859446704
1.583622823886811,NA,-32.8059572243259,PC1,-2.355365267121129,-0.05956579104852011
1.9539050293743558,NA,-32.103885113119055,PC1,-1.0389043640106415,-1.2454991924431846
2.0478577880533124,NA,-30.04982735642022,PC1,-0.7319152489484546,-1.0691915047765708
1.537457689972456,NA,-32.13782748157403,PC1,-1.1418536149473049,-0.8211604129252253
2.3837795236274593,NA,-30.57583097981757,PC1,-1.613274749666739,-1.0426154299830346
1.906003565105873,NA,-31.959459665081887,PC1,-1.318664915431981,-1.428676490365281
2.237038701546753,NA,-31.47223412021608,PC1,-0.6887079635734918,-2.023150629609749
2.0694515430776335,NA,-30.814020624200825,PC1,-1.0009106976533044,-0.637623226967257
1.6701815781353995,NA,-31.39368677940242,PC1,-1.7043033561162644,-0.01869105359235182
1.8618677992041512,NA,-31.145848324880284,PC1,-1.140024324879294,-0.8139928297770791
2.2738970303036257,NA,-31.776142193925477,PC1,-0.2733662885623891,-2.135975067465763
1.5955436819209392,NA,-31.001606049229125,PC1,-0.8160932249820045,-0.33654231661959233
2.2939452521723562,NA,-32.707808549300424,PC1,0.19033028825420462,-2.002776705346062
1.7480074555575884,NA,-29.936991588792115,PC1,-0.9724323834505106,-0.7414124787087382
1.4842652350351562,NA,-31.07101017207352,PC1,-0.9653219223705455,-1.023369090369726
2.2624022232781646,NA,-32.779208752816736,PC1,-1.7916645470194283,-1.603325084752621
2.1762579467745766,NA,-32.78916157813091,PC1,-1.5498351469261489,-1.5811881647709867
1.2089252378296271,NA,-32.524299303381625,PC1,-0.990555263388959,-0.516054188681184
2.5468748234816183,NA,-31.183532171571027,PC1,-0.4349067551366181,-1.9797891692827103
2.396451070396081,NA,-30.692536883500047,PC1,-0.9574613490274738,-1.0541404982254614
2.215938532536047,NA,-32.34092261112169,PC1,-0.9289772287064803,-1.0497299129571593
1.4766976721287701,NA,-31.800751738789817,PC1,0.05104302437414965,-1.0254633482010425
2.0110667779354254,NA,-29.95366741894629,PC1,-0.7666670233398865,-1.274857409367345
1.3833621534267273,NA,-32.12830625682575,PC1,-0.8255754982999182,-0.5496491467460896
2.8046286014297888,NA,-31.41257925204978,PC1,-1.0410442040750445,-1.9197355012226558
2.0379229449242677,NA,-31.447686475147986,PC1,-1.3091211359103392,-1.499614550149258
1.8131947785426579,NA,-30.26154819674424,PC1,-0.7613159611520678,-0.7130463281044944
1.6351334686739294,NA,-30.877705408938198,PC1,-1.273733765508739,-0.8289637598896218
1.7569425702849115,NA,-32.06079065016547,PC1,-0.71750560364137,-0.8599676701331758
2.146443584597894,NA,-32.79737277134267,PC1,-0.7691763000053677,-2.1932526677766493
2.718263731412147,NA,-33.41155495164729,PC1,-1.4431995684702397,-2.045526638411287
2.2151252863528588,NA,-31.161214799793658,PC1,-1.266250863530914,-1.4630430641547667
2.7249620733878746,NA,-32.37165385420166,PC1,-0.6966005204489563,-2.2751283319935887
1.4715566850967914,NA,-32.156579893608026,PC1,-0.3899362421943527,-0.6097169437072671
1.5762661696051938,NA,-33.671742955278134,PC1,-2.4510393363836553,-0.5374483327770343
2.1318580340696336,NA,-29.882997125323122,PC1,-0.9736294742111968,-1.058141460115809
2.0879466856762994,NA,-30.003721830769962,PC1,-1.3456998296277356,-1.1152967232197226
1.914097881848032,NA,-30.567910681948824,PC1,-0.45992028181219136,-0.8936246034633913
2.3203132447703694,NA,-31.203105802303178,PC1,-1.2239945860714048,-1.6552500865540372
1.5945804917333966,NA,-32.24227539106873,PC1,-0.8062307007076016,-0.11585771828018492
2.754942932380131,NA,-31.805685699555468,PC1,-1.692924929562546,-1.1438970170036924
1.9645262098677385,NA,-29.943054401072896,PC1,-1.2326736501513946,-0.9450384323379283
1.7084391313067586,NA,-30.744358428971843,PC1,-1.6386532980478639,-0.5834520958337398
1.4227358518725066,NA,-31.93636478793369,PC1,0.04246425770717693,-0.6784143247611817
2.3365058304021535,NA,-30.646627862919075,PC1,-0.4409436711001238,-1.3188177055888237
2.4269267345682275,NA,-32.682599393321354,PC1,-0.19745643028936938,-1.0946737696168884
1.373550762217567,NA,-31.505862070485538,PC1,-0.7980139089021534,-0.13607698278764294
1.9930290339033752,NA,-32.83955130888388,PC1,-1.355393832416429,0.13033312492289958
2.0785947495394184,NA,-31.698569893707067,PC1,-1.77956986082051,-0.1687713535978861
2.310237201276673,NA,-31.449912162435606,PC1,-2.0122573268508583,-0.9578359077073308
2.2738970303036257,NA,-31.776142193925477,PC1,-0.2733662885623891,-2.135975067465763
1.62840883703738,NA,-31.013482477916043,PC1,-1.4145602032362636,-0.5425152147019001
1.7454887176937242,NA,-31.044355824207866,PC1,-1.6241990706242402,-0.3276510768127441
1.7931202771058263,NA,-34.172862466860636,PC1,-0.6435420918295549,-1.5164633570172077
1.7253881714783528,NA,-31.36286262332863,PC1,-1.4669945294933768,-0.8280275750328946
1.3694549940791394,NA,-31.964331852127994,PC1,-1.3612470630082583,-0.578476439670533
2.1119748117528987,NA,-30.97808380702038,PC1,-1.8151704028526041,-0.4879327008705528
1.5431089369038915,NA,-32.58160058345027,PC1,-1.6688632096314184,-0.7745465044007196
1.4543823289978501,NA,-31.727417824286782,PC1,-1.7715126379000132,-0.4799739346788763
2.392110064410824,NA,-30.575656074944405,PC1,-0.6848236616624181,-1.3300841632037628
1.80821811801086,NA,-31.20701064571798,PC1,-1.0689361471252257,-0.19891410487198236
2.5377339346303405,NA,-32.17588289853345,PC1,-2.049176077241367,-0.6390077127033525
1.5279772589774072,NA,-30.90327615486294,PC1,-0.5394254542916935,-0.7569007818581952
2.4395271738454767,NA,-32.85707179831781,PC1,-0.3208410996831976,-2.32220735691524
2.1415443738399937,NA,-30.4275997630659,PC1,-0.558459306529657,-1.5866195128275395
2.3838090696070773,NA,-33.05818428868394,PC1,-1.71706436319729,-1.23224541677684
1.5827122438431667,NA,-30.485362257270708,PC1,-0.6069920626818073,-0.5872656630938633
1.3626454415750568,NA,-31.44281098961545,PC1,-0.8455297616963519,-0.5399882461008166
1.5999989577051312,NA,-33.31089457526533,PC1,-0.494450083788163,-0.6398542931275042
1.411972230929528,NA,-32.13005343794867,PC1,0.06829935905946749,-0.6892557528334053
1.698393962057037,NA,-34.277531198388175,PC1,-1.477012285496298,-0.2905402135158065
2.333848586239239,NA,-32.39041977174315,PC1,-1.7104006198518982,-1.6119513125081797
1.3609903915563772,NA,-31.511598276026064,PC1,-0.48825950858971623,-0.8110890244993194
2.2599937822787104,NA,-31.565507615391894,PC1,-2.093000151510369,-0.5397409195555476
1.8460723916728696,NA,-30.003176890101738,PC1,-0.7056523510874991,-1.2365471275104258
1.2699352969723403,NA,-31.89768150237642,PC1,-0.30900371879740285,-0.9371480199033368
2.76360966389257,NA,-31.274043451127152,PC1,-1.4049846222272813,-1.4084628183679002
2.7273601403411383,NA,-31.55188150193492,PC1,-0.9085734829580787,-1.9973672053607219
2.0298804340342165,NA,-34.23177660367618,PC1,-0.711077707645359,-0.2925435217294414
1.8344897440006926,NA,-33.70230779118337,PC1,-1.458590458954748,0.4214170273407305
2.696190047638506,NA,-31.942306485995527,PC1,-1.9670919574957855,-1.324474572433258
1.5361823309200908,NA,-32.053030008907676,PC1,0.045228950307072746,-0.7931992794944422
2.0475660167269303,NA,-30.476529911555435,PC1,-1.6877646272874047,-0.9176399056009134
1.9411339057595347,NA,-31.11110092255014,PC1,-0.13734227325620463,-1.714026959556586
2.180366412782365,NA,-32.94683665368585,PC1,-1.122171150126712,-1.337256446757302
2.660541538228163,NA,-32.53216297038608,PC1,0.0525216383682649,-1.9685645678622827
1.9932192349772817,NA,-31.803766329570138,PC1,-0.32240842796065516,-0.9831421943602529
2.3189312272184406,NA,-32.45037783817119,PC1,-1.3352742850984969,-1.0633599361094572
1.454506290063859,NA,-31.192058186153922,PC1,-0.5670425176205265,-0.654003639926483
1.1968524952600264,NA,-34.20690561137351,PC1,-2.277931974879041,0.10457191133179544
1.811636090518183,NA,-32.17870827470508,PC1,-1.2054331341044573,-0.31436182881622754
1.1145897901636443,NA,-32.61791229944493,PC1,-0.3148142664961152,-0.4675485468417676
2.9259904188345196,NA,-32.0660545991498,PC1,-1.5538422595665429,-1.7015536796957318
2.628322202937052,NA,-30.953578459054427,PC1,-1.0084259251194974,-1.7287749800410805
2.2513075104788745,NA,-30.274520543562584,PC1,-0.8810435678352618,-1.2742511221057997
1.954908054848935,NA,-29.908904468816942,PC1,-0.7898558513123921,-0.8652030866279603
1.6532525033158185,NA,-31.704919468990454,PC1,0.2194750146808127,-1.1800402066257438
2.4731958018348346,NA,-32.657507740486395,PC1,-1.8188374762873663,-1.0262054939079523
1.701671330273235,NA,-30.822369470329804,PC1,-1.0577774716325092,-0.6460139560796159
2.2605805284789726,NA,-30.88935253701244,PC1,-1.644923611701105,-0.8550102008751024
1.9851521213770553,NA,-31.667831465086223,PC1,-2.0481121013279684,-0.2188042260247156
2.8115135180681583,NA,-32.18692758210052,PC1,-1.135744029994864,-1.429666760026883
1.4544912195161446,NA,-32.33032006477764,PC1,-1.7749563660093892,0.20197934287368757
1.6142425663353177,NA,-31.479430289858342,PC1,-0.6884756706584947,-1.063655866168384
1.9709745676468882,NA,-29.8041684117089,PC1,-1.0021602653628183,-0.8508689351760385
2.039292720572839,NA,-32.91528398386179,PC1,-1.5265344516427144,-0.6152440722563043
3.1123605977451487,NA,-32.78086347709995,PC1,-0.916533252334795,-1.8285681355095382
1.877835269620078,NA,-30.478498792780364,PC1,-1.226476282812949,-0.3870164153590015
1.822517107356235,NA,-33.625860259925815,PC1,-1.3393642674723558,0.3798184418198862
1.856443243958963,NA,-31.43312858434733,PC1,-0.6311860317713073,-1.6584398629908126
2.2156420188809736,NA,-29.931119051914624,PC1,-1.2049735276586375,-1.0806022298847595
1.859242906132449,NA,-29.973798222450444,PC1,-1.102840664609095,-1.0541088532019227
1.5660793981448615,NA,-30.398482827314528,PC1,-1.250519841309126,-0.6587766863693937
2.3996646266883306,NA,-31.419011182083032,PC1,-0.08563248684711144,-1.528859119900978
1.0339079621591836,NA,-37.20310573177916,PC1,0.6545566890250253,-0.08630518294425782
2.4099176700235994,NA,-30.94486738893151,PC1,-0.9638639903015163,-1.3724681589761392
1.9332738882844878,NA,-34.10706512513704,PC1,0.3308001418972887,-0.6334128897270151
2.7014371802010606,NA,-32.17531588542113,PC1,-1.6719554960957275,-1.8690743939391576
1.6590275815694435,NA,-30.858404678064645,PC1,-0.5465013807357593,-1.3390327754849847
1.906003565105873,NA,-31.959459665081887,PC1,-1.318664915431981,-1.428676490365281
2.805502556236001,NA,-32.838099245485004,PC1,-0.5751181401564502,-2.499804795814727
2.2688637528578375,NA,-35.76387394057782,PC1,-1.4567158776039744,0.34657441106339393
2.0816697930896417,NA,-31.5877547373615,PC1,-1.0789936494656645,-0.4223661158049294
2.5570553551793793,NA,-31.395303330248563,PC1,-1.2173397477981789,-1.488844449494369
1.9779800821435525,NA,-31.486226248859996,PC1,0.12220080949952208,-1.732237606257021
1.5153507823801744,NA,-33.01261396237612,PC1,-0.5490587622587678,-1.5250619932735807
2.293785369682779,NA,-30.99538821631069,PC1,-0.7993527792350185,-0.7975035288884658
1.6253153679535624,NA,-30.622080196209932,PC1,-0.9987126581926502,-0.7435885620828407
2.354747990373422,NA,-32.00425908475141,PC1,-1.7536311066748447,-1.6707664703855998
1.6177927319009324,NA,-31.856751379679615,PC1,-1.9873697785169055,-0.023622312177792426
1.9175554981520813,NA,-32.01350948578006,PC1,-1.0507966347247004,-0.37772150003038196
1.2725670284277908,NA,-32.61411093649741,PC1,0.08254770945177298,-0.9574705732317137
1.6102784191111128,NA,-30.78924707204292,PC1,-0.1867866292444037,-0.9136338176742257
1.9954406352605578,NA,-31.510407163552347,PC1,-1.4932851745346047,-1.4076299228284141
1.7577094099565043,NA,-31.869377844045143,PC1,-1.0597093313954604,-1.5478741492436803
2.1297132289277965,NA,-30.677390777102826,PC1,-1.4005838166221098,-0.804806692015121
1.9068878563248668,NA,-33.542640909493386,PC1,-1.5159885180786208,-1.0910461289207993
1.8381376839709247,NA,-30.979393180812604,PC1,-0.05366711889204945,-1.00250769888153
2.1803316140012217,NA,-30.545260919883734,PC1,-0.6468760619821574,-1.7328505928590274
2.5494746414421807,NA,-30.735270667397334,PC1,-1.457711503942102,-1.4215207851896323
1.714250159660113,NA,-31.054330243827888,PC1,-1.4043374380624976,-0.5256376046248777
1.8207315988349606,NA,-30.479285270082624,PC1,-1.3939223990918952,-0.4328181805536231
1.6627576043717833,NA,-31.076198142433615,PC1,-0.8497079710247927,-1.2767989057984912
2.004913407215814,NA,-29.97972977852752,PC1,-0.8561615735602015,-1.2244793705468409
1.6551349854988942,NA,-31.33960484133444,PC1,0.06266582453890149,-1.073673560634182
0.9443590506691278,NA,-33.34011267839563,PC1,-0.7556799988603422,-0.07800859227801879
2.072674696864023,NA,-31.88851362416596,PC1,-0.03093787666789133,-1.6761426924903537
2.683135244154576,NA,-33.59502914400113,PC1,-1.9426761828495203,-0.444674533340589
2.069989038675561,NA,-32.325620156997324,PC1,-2.248278635033541,-0.9772660238387365
1.9582774539799026,NA,-31.773503542984916,PC1,-1.7188641337809702,-1.0962731000430948
2.063102023248802,NA,-32.14861295178113,PC1,-0.3023078416255163,-1.788471054082436
1.2502293660685375,NA,-32.654323132825866,PC1,-0.3823022936595655,-0.9087089007971395
2.192794151992941,NA,-31.796301619138237,PC1,-0.2245750344568762,-2.0642300399652513
2.3268769362951867,NA,-31.62907408186573,PC1,-0.5871669708416006,-1.2215141716205693
1.673182194993603,NA,-32.591048247537955,PC1,-0.8045244676587471,-1.3753661992846782
1.7460781188928776,NA,-30.33306382748759,PC1,-1.3838787696393728,-0.8264700241143436
1.6198223823390856,NA,-30.222029769186744,PC1,-0.9120850033319352,-0.6724251186282679
1.5951325227663276,NA,-32.608979376649486,PC1,-0.4163734806851688,-0.10736811342113628
2.741927067591698,NA,-31.67887782584135,PC1,-0.6914640817164137,-1.6064699134233074
2.0669090612935137,NA,-30.895242837491608,PC1,-1.4316146816823394,-1.4530433082799705
2.0867758736499527,NA,-30.951795985411263,PC1,-0.6591302260154528,-1.498456675069872
2.381490473270552,NA,-31.271124713674656,PC1,-0.3895304492720564,-2.028959672909061
2.9722450914709992,NA,-32.411900569392785,PC1,-1.4151741661199513,-1.416999778698252
1.7693741197462138,NA,-31.37242387658137,PC1,-1.431384944254195,-0.14029905590384506
1.5896349205892366,NA,-30.62980419147109,PC1,-0.509565380315623,-0.598652754575743
1.6901397545288848,NA,-30.81875328068516,PC1,-0.2537865973847912,-0.7733504242829752
1.6709848256983675,NA,-31.28505284616675,PC1,-0.19324650355404674,-1.4830104516486247
2.112230265655384,NA,-31.477012914561097,PC1,-2.061640186231363,-0.5220967402828021
2.402453709234031,NA,-31.31000359535828,PC1,-1.0407933817983777,-1.1986019210456114
2.5510150835418846,NA,-32.45527526946686,PC1,-1.4628826009913154,-0.7734540013838568
2.156502550573164,NA,-30.89338699665599,PC1,-0.6177109614494466,-0.7770070639345913
1.8278393703091738,NA,-32.17203277480277,PC1,-0.8092128544886092,-0.803729102299945
2.8137335900657456,NA,-31.504334108288145,PC1,-1.2374553206650287,-1.8463231708660095
1.9045038105467769,NA,-30.293224385942604,PC1,-1.407118959209474,-0.9643192621491428
1.5593604513574189,NA,-34.48555366553452,PC1,0.49476647430319365,-0.4767195864196749
2.099229184179379,NA,-32.14059367438499,PC1,-0.04176886085135169,-0.8364717199040987
2.528690312095008,NA,-33.640649125585554,PC1,-1.4289916955852506,-0.38043666516828545
2.3272239274071778,NA,-31.76631816286659,PC1,-1.057907144396257,-1.890916532577263
1.74328733754605,NA,-31.782783478664808,PC1,-1.2607359127762345,-1.3861816882128843
2.3099456633417366,NA,-33.87259437036184,PC1,-0.6117376751405939,-0.5689917339370263
1.825953331609075,NA,-30.038267094386555,PC1,-0.5857854983315631,-1.0403048757765592
2.317277671289651,NA,-30.88549498988477,PC1,-0.20367509435632408,-1.528567698704451
2.1598843425246845,NA,-30.297569714853623,PC1,-1.1338227139105845,-0.8956095361789688
1.5525097155852785,NA,-30.88996224479937,PC1,-1.0924593304462717,-0.41904146716566354
1.852960719549423,NA,-30.41332265451906,PC1,-1.0149779434443182,-1.2352446265289465
1.434047729302276,NA,-30.80319574132089,PC1,-1.1438579864325675,-0.5015750825479783
1.676888221304835,NA,-30.683356265575046,PC1,-1.1471465446698828,-0.5740863608357878
1.8779169599337617,NA,-30.157348478999285,PC1,-1.1617578714082593,-0.7125577173931041
2.0076978822301506,NA,-31.4242019362614,PC1,-1.6578454772583222,-0.4216157814419269
2.0945181536236746,NA,-30.513992855554545,PC1,-1.0952924869500844,-1.1049046363470236
2.641855102267846,NA,-30.95870716814041,PC1,-1.011747762832639,-1.3072622736691137
1.3124006334799367,NA,-37.1017177621196,PC1,1.195295363230605,-1.5394553661778776
1.7011872149698766,NA,-34.793243587597985,PC1,-2.0657538463669374,-0.08817076995735867
1.4319409650768697,NA,-31.644940919098442,PC1,-0.8379931796949711,-0.5023357141415875
1.7585390649166877,NA,-30.076550194680284,PC1,-1.185347224425797,-0.7211326076857377
1.4233203981013833,NA,-31.27513722166376,PC1,-0.911317706343045,-0.75506150851363
1.8061207448564984,NA,-30.201054847068274,PC1,-0.4791927377999575,-1.2130916808164491
2.7237878698009137,NA,-33.940728209772104,PC1,-2.034404113517083,-0.3689687047425346
2.1875393378401222,NA,-30.96066481314035,PC1,-0.14425238036461094,-1.31212040249408
1.9771751755736715,NA,-32.642397104370396,PC1,0.11921343436348994,-0.7661066148397934
1.8368702235637822,NA,-31.937522525334845,PC1,-1.502688653541928,-1.320727365205126
1.5687511461766606,NA,-31.655208183070233,PC1,-1.4596231790572887,-0.18530052640934153
1.4196159349248765,NA,-31.39250180078689,PC1,-0.5247914010624529,-0.33387845059668064
2.0711628261182407,NA,-34.18408626747872,PC1,-0.45526802327840976,-2.3921191587032222
2.0013465522498195,NA,-31.836008030078,PC1,-0.015040760828106015,-1.2456756674721434
1.9852628497928735,NA,-30.137452894319416,PC1,-0.7315048528665242,-1.2721759481263368
2.534154031558848,NA,-33.19110743791124,PC1,0.25732522159673166,-1.8287991687263834
2.2491824960669686,NA,-30.70510178202546,PC1,-0.9478061760243397,-1.2728675430466234
1.8608643285370214,NA,-30.815360665780414,PC1,-1.6648886135194785,-1.0072740699109826
1.4097148164777535,NA,-31.562500171970786,PC1,-1.658920724196123,-0.3549782015906048
1.8739652079801459,NA,-30.928642339663458,PC1,-1.8294288328405104,-0.8556843062134232
1.9546020873322465,NA,-31.30962834145611,PC1,-1.6922153583804682,-0.27751093557032663
2.0320080992495417,NA,-30.874551067954286,PC1,-1.7480371428426889,-1.1227942082548372
2.6382150567840226,NA,-31.976046748385404,PC1,-1.8424296777212879,-1.6331538178262244
2.027005494330566,NA,-30.515714924236516,PC1,-0.7031460552052382,-1.561765029270576
1.7423467057652076,NA,-30.279099325516427,PC1,-1.4192891808966648,-0.7148647831136757
2.6276117385594606,NA,-30.845880727739026,PC1,-0.8956544066920777,-1.5923740178609098
1.5158992404916152,NA,-33.064234000292764,PC1,-1.462008540613192,-0.44371173392481966
1.1640581613396535,NA,-32.184241131648776,PC1,-0.59292799286793,-0.5851828723207145
1.8827320033139299,NA,-30.116345688179123,PC1,-0.9432672350778859,-1.279995787209777
2.0287951816152505,NA,-30.553102998247915,PC1,-1.5372523544948036,-0.6710593721427645
2.3917517042006704,NA,-31.087834548471864,PC1,-0.3605271019098496,-1.6682424052248652
1.8462375328091916,NA,-30.477163941059487,PC1,-1.5942059232081551,-0.7077475679846207
1.8288579669620513,NA,-30.156344745760837,PC1,-0.6831216015896595,-1.2169447645268143
1.9582776709592182,NA,-30.06692036569625,PC1,-1.003685508098565,-0.7602649667476373
2.7869036792826223,NA,-34.607270056162385,PC1,-2.5473814056943054,-0.5235883393789809
1.4864517097161292,NA,-32.56027249431947,PC1,-0.5789741830070011,-0.49228665624832757
2.2966273057487894,NA,-31.728384564679644,PC1,-0.9430557063166332,-0.8953321892338363
2.5069784229908536,NA,-33.42641792538402,PC1,-1.5822795069509508,-2.115681668228447
2.0068519491980306,NA,-29.970043059063006,PC1,-0.6856493721148189,-1.1580631872203992
2.4536764344501414,NA,-35.616776889060986,PC1,-0.5638417853691272,-0.7804752264917653
2.0104609465523287,NA,-32.08733166041435,PC1,-0.40745439049506615,-1.0877634456371759
2.1082226585726036,NA,-30.526650055455587,PC1,-1.334961861195737,-1.02914093897478
2.022836163248414,NA,-32.752801612522404,PC1,-1.4552220163677887,-0.5667257127951274
1.7078887924650008,NA,-30.74029626595647,PC1,-0.3421913462912712,-0.8781412037340769
2.6042676227014794,NA,-34.025360407249835,PC1,-1.6080822478248478,-1.2983450453567176
1.981077370746025,NA,-30.707285926715446,PC1,-1.708153950141837,-1.0480164230445352
1.9216224151024912,NA,-32.20297207045383,PC1,-0.07039398311739045,-1.0789912904106123
2.3107528965905635,NA,-31.239374402597957,PC1,-1.7182099890565723,-1.421232184580992
2.3156867946746624,NA,-31.814947443858387,PC1,-0.024137973925284162,-1.2427657156580039
1.6600065419226562,NA,-30.263335563163142,PC1,-1.0740436513750176,-0.8985734421919405
1.9760734555754615,NA,-31.389326215824802,PC1,-1.2423253535880505,-0.323692887890475
2.100634867482055,NA,-31.111826867623623,PC1,-1.2669783921895084,-0.4865314702993272
1.7400189129220094,NA,-32.21062603925827,PC1,-2.126688812319307,-0.8110009581909838
2.46686131158594,NA,-33.50108603508043,PC1,-0.6865441594375187,-1.7496794231471262
2.4753108241241177,NA,-31.205113667317267,PC1,-0.8423467988362865,-1.614157583769239
1.972378194376429,NA,-31.39179738689902,PC1,-1.8886462688993724,-0.5108497620226471
1.4500363261745515,NA,-31.206930510327915,PC1,-0.7500140640061934,-0.3981743449432735
2.1083891248392077,NA,-32.12756586606776,PC1,-0.8527578596139888,-0.3197626163447656
1.7687078345694434,NA,-30.95761819100416,PC1,-1.824721120695544,-0.7129606822616412
2.244669071996968,NA,-32.03622736021967,PC1,-0.6698189881070348,-1.4366156077118173
1.6766091342198504,NA,-31.201366922486862,PC1,-0.4363308819357215,-1.151386597723725
1.145543154995056,NA,-33.92753098883935,PC1,-0.7470847249069964,0.2922244984728079
2.933149537367119,NA,-33.38954027287677,PC1,-1.1358042481711597,-2.322539994299046
2.4742436256012454,NA,-33.1030214678095,PC1,-1.672974701197936,-2.033053918353196
1.95283906562269,NA,-29.824503137530133,PC1,-1.0964614524105263,-0.8019963000922042
1.9578327255573693,NA,-31.006946456464124,PC1,-1.324286314646414,-0.3348749691790547
1.6407108272791522,NA,-30.540774277113236,PC1,-0.6045124003646881,-0.67041007862808
2.4394434286282762,NA,-32.543315913798736,PC1,-0.2545237632294324,-1.3521297545404134
2.508322071810806,NA,-32.31835131021586,PC1,-1.3707198723914968,-1.7536727575697688
1.816321658175178,NA,-30.829006772454594,PC1,-1.7588899295457676,-0.3822239499285009
1.9014546425145389,NA,-32.10712659048754,PC1,-0.8174701282522655,-1.3920004943160504
2.0152952651288394,NA,-33.52671250868168,PC1,-0.5113480788912186,-1.276662180710298
1.9210091578194077,NA,-31.27629905784818,PC1,-0.562789385571427,-1.574979116242259
1.208375910473028,NA,-34.381724302987124,PC1,-1.97873431155844,-0.638531955119428
2.03185777072899,NA,-30.511726472509505,PC1,-1.5164259150236918,-0.971809851983879
1.532200256348382,NA,-33.25415389963795,PC1,0.1817070925147224,-1.0422313534987966
1.0412249384818546,NA,-34.13215665849899,PC1,-1.2455021376287225,0.5334626255965048
1.3170011473071641,NA,-32.17836063684574,PC1,-0.1061660481631888,-0.4449098126183768
1.33048801314068,NA,-32.16273821530482,PC1,-0.02393333445894473,-0.6850816619236924
2.270465503240897,NA,-30.29931840675296,PC1,-0.9850213172380968,-0.9898002939691163
1.7838314417914158,NA,-31.950872935161403,PC1,-0.5898432275709372,-1.5896129152148066
2.5692166220731094,NA,-32.26939944939342,PC1,-1.8749042371031917,-1.6071890314308601
2.4663872584077686,NA,-30.665119211798622,PC1,-0.9742121487734745,-1.7783920507235158
0.7651551273891932,NA,-34.992419354767286,PC1,-1.115276153175218,0.2387983682073765
2.8729071017338623,NA,-34.99678205964183,PC1,-0.5937924423849943,-1.1444947145307716
2.2019681984459756,NA,-30.703260339597783,PC1,-1.5954620186261144,-1.3047836972599267
2.1773885971268228,NA,-30.115346128868865,PC1,-1.1311431530575409,-1.1498833394464847
2.0247151846503075,NA,-30.158217103092646,PC1,-1.0126880673228016,-1.2980653303947454
2.590373790621335,NA,-31.651479155149797,PC1,-0.3335955045873039,-1.9734947918838712
1.924662817109249,NA,-30.371238559884258,PC1,-0.935639452801337,-0.7965678673858185
2.0007597577907124,NA,-33.92546514630239,PC1,0.2844161865113541,-1.4927103007074078
1.387268257126455,NA,-31.838781324191633,PC1,-0.40925488342166405,-0.2681534529896931
1.3355977380478132,NA,-32.21605006948097,PC1,-0.7140768139862671,-0.5257272335297625
2.6745100981028016,NA,-31.867049986091413,PC1,-0.3885693600749645,-1.696723690796141
1.6128849303565962,NA,-33.43516829948928,PC1,-1.489424466514068,0.09678433952192877
2.0233176617393482,NA,-29.85499705044727,PC1,-0.7988837481962069,-1.0124658703376137
2.665984360619874,NA,-33.92603401890204,PC1,-2.200722293191569,-1.5621236086071275
1.7124728128411322,NA,-30.216991504863906,PC1,-0.6225726336654342,-0.8851980340426898
2.8777206005265343,NA,-32.2969980687548,PC1,-1.5188370859602973,-1.1124906565307733
1.9621820065453255,NA,-29.797687246830694,PC1,-1.1169629843820383,-1.0199198351641563
2.106294004085083,NA,-30.33387552101428,PC1,-1.331423391381835,-0.8118209975335641
2.350880048937972,NA,-34.08374170791732,PC1,-1.9899498838829437,-0.42173992711259817
1.9256320079244704,NA,-31.91296457830977,PC1,0.07853877105099522,-1.7419783708802095
1.7132533913818968,NA,-31.08222423694962,PC1,-0.4170304382297122,-1.424497416840336
2.6588670803582604,NA,-32.035460869857765,PC1,-2.0291963533945196,-1.2088165243982876
1.827250759461795,NA,-31.120422077106767,PC1,-0.9415429430337491,-0.37915767037632647
2.317143718563363,NA,-31.64759946038355,PC1,-1.910095233862392,-1.3854267596179204
2.424837141683687,NA,-31.131285370643592,PC1,-1.638787380995699,-1.4478665548920735
2.5183242476590006,NA,-32.89516517666164,PC1,-0.1814514268061141,-1.834639850915684
2.4717613388526125,NA,-31.159604544292336,PC1,-0.7072766995383992,-1.0664639076480968
2.44432581788977,NA,-30.618255805894275,PC1,-1.4980025901811103,-1.1807298404179076
2.0427532753082867,NA,-29.80224528771149,PC1,-0.8213641228821547,-1.0290653243548376
1.5820913552178137,NA,-30.873301528900935,PC1,-0.6538966073107326,-1.1856231184852777
1.8646896657978123,NA,-31.58114761793119,PC1,-0.22202158804618571,-1.5746144373312267
1.7073113701798348,NA,-32.49230567194805,PC1,-1.0598981888013297,-0.8859167167198072
1.879580168096458,NA,-33.15975023653393,PC1,-0.173152942844243,-0.3772054801893614
2.1474711260167876,NA,-30.867327067483842,PC1,-1.0398058327643696,-0.550367091479596
1.7170427988639192,NA,-30.728031966404153,PC1,-0.37952970470777186,-1.218891793508668
1.9801681624309426,NA,-33.429191007984386,PC1,-1.8101207904400707,-0.2592473052010127
1.815549974981757,NA,-30.966542560955613,PC1,-1.4593139743378416,-0.5859774022262311
1.8809282859957,NA,-30.66675210633747,PC1,-0.46368734156299607,-1.080968893959742
1.9436600912508792,NA,-31.47462108783716,PC1,-0.09131588248025246,-1.5388325018852018
2.299014297973839,NA,-31.422484773761777,PC1,-0.6620238540863852,-1.812250935930479
2.6052765327960707,NA,-31.37149641434123,PC1,-1.036188663793797,-1.7017285093007022
2.8183958253625425,NA,-32.31960924832662,PC1,-1.8891835660066745,-1.6247990134913919
2.5811027397727972,NA,-33.85042411627682,PC1,-2.407978749784653,-1.5301318027239361
1.774113447171006,NA,-29.994202972622748,PC1,-0.6330974360066339,-0.9564985602410335
2.222965378233493,NA,-30.295710412354843,PC1,-1.5170686433134877,-1.1778850593170653
2.0429876962617133,NA,-30.211201735603183,PC1,-1.0814444451877323,-0.703936307461992
2.8391222902568494,NA,-33.4977461985625,PC1,-0.28464714159915827,-1.374478460837147
1.760059188941534,NA,-35.07784349391187,PC1,1.0536540651268176,-1.5551929998670084
2.097441790762793,NA,-31.340032492388954,PC1,-0.025928796133055897,-1.2576420450134282
1.9097344976773045,NA,-31.32070971148055,PC1,-1.6559296496370348,-0.12838403435091805
1.5854633866303727,NA,-30.288502305692308,PC1,-0.9521985247817106,-0.5127412817390319
2.498465639310352,NA,-31.92948890926375,PC1,-1.8148945551916833,-1.5137997105780978
2.5916822870238243,NA,-31.93822484176257,PC1,-1.170547428310583,-1.9486519057684464
2.350042850552213,NA,-32.30996599588755,PC1,-1.16120533758936,-2.0806242037640024
1.3455133034758913,NA,-32.36675717666457,PC1,-1.1391094584576906,0.233128468839904
2.1199938239241187,NA,-31.45049264082188,PC1,-1.4965152927615606,-1.4358548929840849
2.094655796057647,NA,-31.267593336905506,PC1,-1.852268418703405,-0.9117422763698741
2.4302700152298327,NA,-32.22044491059524,PC1,-1.13669099237462,-1.827412885721431
2.703177506951578,NA,-31.15920196894909,PC1,-0.7224122188955924,-1.5791686331020482
1.8443199842753444,NA,-33.6297238725974,PC1,-1.5983754842217546,0.22734978220261126
1.201590953754934,NA,-32.83061183041272,PC1,0.07516791908019807,-0.5397482116734568
2.6644773681265925,NA,-31.15996908806683,PC1,-1.3998354018179993,-1.684415946690593
2.133157409230619,NA,-33.70633422780218,PC1,-1.0742981112905272,-0.0014777299876799418
2.552603720840485,NA,-30.57828430004599,PC1,-1.2859123437893902,-1.3318567471729787
1.8616227613769283,NA,-31.527850207111715,PC1,-0.10827151736510901,-1.1214078520223694
2.2834198588289585,NA,-30.7273603378914,PC1,-0.7467145699810751,-1.4511441498829751
2.5936371916819536,NA,-30.81757358140836,PC1,-0.8731335048909837,-1.44854515168325
1.9624142547357233,NA,-30.250171014206003,PC1,-0.6718079754638695,-1.2933589245278063
2.535988877419956,NA,-32.469651142471264,PC1,-1.3634253148236184,-0.9782596201402314
2.3036583322367203,NA,-30.175753127617057,PC1,-1.1025647265663947,-1.4633358529813747
1.663035658768079,NA,-32.741401177623935,PC1,-1.4688815415447778,-0.282067637717075
2.6180192620599247,NA,-32.444149595058825,PC1,-0.6167073234530241,-1.8219065531022898
2.372079862162803,NA,-33.04697256425808,PC1,0.40443006094183875,-1.646663367442806
1.373827720458341,NA,-31.016207678387897,PC1,-0.47214538879721857,-0.7303380404460665
1.9906608819302558,NA,-31.948998850634936,PC1,-0.9083601292028062,-0.5223107131364418
2.7865512521915434,NA,-31.84157936783475,PC1,-0.6240304302506663,-1.9318186259498658
2.8292636443409287,NA,-34.96892618271034,PC1,-0.510093067712748,-2.30018179138069
1.9068022017494783,NA,-30.92369986307688,PC1,-1.2424994005646015,-0.6973989214530582
2.863309777615116,NA,-32.18875010722659,PC1,-1.539830855844389,-1.6463159441407111
1.556503120328005,NA,-31.19646775559389,PC1,-1.7345115589120343,-0.3215614782070964
1.6665049252586037,NA,-30.931766548055666,PC1,-1.0253273739323037,-1.2274046305115558
2.2348518047971044,NA,-31.060722466647455,PC1,-1.6538328716400628,-0.7547615423968362
2.5784270405125644,NA,-32.595412925300245,PC1,-2.333570437033907,-0.838910983883413
1.896455233562994,NA,-30.77837854284304,PC1,-1.5698582875213176,-1.148679260410569
2.200530793590844,NA,-33.17453183046013,PC1,-2.206397687615398,-0.04391590260806662
2.515312840709129,NA,-31.430066689234774,PC1,-1.4015677840934069,-1.8199020032993003
2.4951010660415913,NA,-34.34108957575159,PC1,-2.5300292931495187,-1.4791233856448993
2.011793960293008,NA,-30.6587115606312,PC1,-0.18581406583119964,-1.3206043851260338
2.154556487393268,NA,-30.790589961498082,PC1,-0.7523376344801274,-1.7901105593038193
1.86535304249693,NA,-30.051984053536472,PC1,-1.2389571548925629,-0.6783750743946505
1.900833451787485,NA,-30.48724390248981,PC1,-1.19761403032434,-0.4057935658358318
2.0063996018027703,NA,-30.583843559141375,PC1,-0.26302928810792436,-1.119471437724628
1.5624362379550603,NA,-30.543275516348647,PC1,-1.310874561594096,-0.5487503354924665
2.029675006926824,NA,-30.756235514136918,PC1,-1.442532308595642,-1.0027887731443355
2.439408326920267,NA,-33.01234387952978,PC1,-1.4552554635269004,-1.0267043894813257
1.782055080484135,NA,-31.818932793078076,PC1,-1.8175743524955363,-0.08203217654583833
2.7225600896998743,NA,-35.182789416668335,PC1,-0.4148395434077021,-1.6874491457210794
1.837958972973814,NA,-30.567578570206784,PC1,-1.640954347516341,-0.4705086053536591
2.123021472330286,NA,-30.81440530307014,PC1,-0.8179942215379152,-0.7567239146619456
1.7852912267979286,NA,-30.101208088653344,PC1,-0.9471491891512785,-0.6440947114540101
1.9172674892520765,NA,-31.77886736037912,PC1,-0.8858697406747665,-0.41322453596002323
1.9355230834124857,NA,-33.396717579885795,PC1,-1.1759598146919006,-0.22249937407654555
1.8411778984145746,NA,-31.77615923047615,PC1,-1.7745754406610166,-1.0746239012331325
2.2165063211629104,NA,-30.151991078186995,PC1,-0.6217555844238905,-1.3983324878796162
2.130672515349678,NA,-30.691757592984757,PC1,-0.7973008163650318,-0.830540359017711
1.1332561988654695,NA,-37.30396976184671,PC1,-2.164679266864424,1.0655946816657764
1.6374799719081317,NA,-32.348582725293504,PC1,-1.8142946247049887,0.2684695500728747
1.2300941729834616,NA,-31.709962437174383,PC1,-0.435015272137959,-0.5289650961973127
2.2412003931520124,NA,-30.617572118539147,PC1,-1.0295652251879956,-0.8167901908013827
2.1397592489883466,NA,-31.72724358887533,PC1,-2.011169234376214,-0.8853737710874146
2.3529378649228234,NA,-30.25082510193768,PC1,-0.6683367505872937,-1.4257639930961452
2.7727651792613885,NA,-33.717473399758134,PC1,-0.04948164706355307,-2.108094534757642
2.0379171143722603,NA,-31.12945082599306,PC1,-1.338857099817953,-1.539366831794726
2.0603430957534146,NA,-33.384944319173314,PC1,-1.0057788556706408,-0.5578261662287558
2.527042517188143,NA,-30.471041348972552,PC1,-1.017918045695093,-1.5701150106858754
1.2224244542527427,NA,-33.502758846141354,PC1,0.39553295183493536,-0.8587401357684624
1.6836689914497664,NA,-30.336183468951134,PC1,-1.230677208982378,-0.4175880932303749
2.126425544699879,NA,-31.619123323741235,PC1,-1.109671723712144,-1.8363593625645267
1.7337792028630883,NA,-31.552580376323743,PC1,-1.1401926855399356,-1.239035570436612
1.8146504961414465,NA,-31.040494552748175,PC1,-0.6666475918188691,-0.41471256400894513
2.3334622109773218,NA,-31.009681350721753,PC1,-1.1062390797801007,-1.5781432810846987
2.496975378385165,NA,-32.58251795147576,PC1,-1.0136758685313778,-1.3869634623407727
2.1698484555648148,NA,-30.766504402081775,PC1,-1.0608088825985618,-0.6027357896843628
1.4552918060448516,NA,-32.295299561313904,PC1,-0.6621459695018649,-0.03219588905119192
2.571908558779575,NA,-32.09550048633671,PC1,-0.6908991401889656,-1.7872872908964932
2.5831054675493403,NA,-31.539268955962488,PC1,-0.6585403455009865,-2.0197824623790597
2.124710225528875,NA,-29.794870950599684,PC1,-0.8845945165936622,-1.2278318172816312
2.2713740934763313,NA,-32.13024130767774,PC1,-0.7511400178056725,-2.053411707191481
1.8755309584802167,NA,-31.83920337300546,PC1,-1.3366620420297415,-1.4619312961367936
1.7867876379087195,NA,-30.66510295439793,PC1,-0.9581880205479811,-1.3833794572018052
1.6666676624354884,NA,-30.720442986355543,PC1,-0.21086465477897348,-1.225054541196021
1.4896749254659694,NA,-31.227785815882836,PC1,-0.5140278431896902,-0.5030645705023341
1.8548706322798336,NA,-31.449489548755228,PC1,-0.8819682293580787,-1.1818412260958386
3.303530908777848,NA,-33.59731711222118,PC1,-1.333723972537931,-1.9947883753943405
1.6716435660679672,NA,-31.438393677111346,PC1,-0.09245606337972503,-1.0399632607960567
1.3609365309452888,NA,-34.79631182838595,PC1,-2.5908824468798053,0.4543879858829595
1.633764607328083,NA,-33.45293625130133,PC1,-2.2889934544818504,-0.8257562924488564
2.3147159951976537,NA,-34.273936492027524,PC1,-2.3539721084050496,0.1298029935809754
1.5912007289156773,NA,-33.229624318392915,PC1,-2.2878693630070708,-0.6924352153143516
1.2311725425138373,NA,-32.4139546954944,PC1,-1.6442538428485274,0.010436220226123005
1.6197753056810715,NA,-31.168268786202745,PC1,-0.5751782338749192,-1.3090022296159096
1.539688601991872,NA,-32.06999433777683,PC1,-1.8192153165144338,0.11434326042103998
1.7868383689258525,NA,-30.127754554196418,PC1,-0.6762176746718559,-0.7330759943962062
1.569108059893018,NA,-31.536135922413997,PC1,-0.6900738270563269,-1.0572241014997545
1.3657684341309002,NA,-32.152211258562815,PC1,-1.0946351739002558,0.16458830990659867
1.9569423361556335,NA,-31.04504842336627,PC1,-0.7482032933675198,-1.5355113445100501
2.4387045182252614,NA,-32.207190332894456,PC1,-2.025231856701702,-0.45088998611069564
1.7975791041758407,NA,-30.25957490009648,PC1,-1.212459882543289,-0.756161727076172
2.8174438152118935,NA,-33.71529301764259,PC1,-0.41382110728065435,-1.1862739086276823
2.204857377051381,NA,-30.859586987620595,PC1,-1.7732041732654187,-1.1917521106758744
2.7443166336001394,NA,-31.603299862737384,PC1,-1.1028730779510463,-1.231165354719873
2.2570419364533185,NA,-33.43878516907332,PC1,-2.198533136720791,-0.564183626836285
2.578921895095097,NA,-31.404773929675024,PC1,-0.5486211945040308,-1.2929521441355
2.542172965490208,NA,-31.74731680767055,PC1,-2.0586463792342857,-1.0350146344232916
1.927456519427496,NA,-32.22168252474644,PC1,-0.655889157755611,-1.3633273348039836
1.1979930695077046,NA,-32.98692811945636,PC1,-1.0914923581884288,-0.15685191935023254
1.823056096712015,NA,-31.82000981282996,PC1,-1.0191268646360907,-1.6487701105487407
1.6162935334124544,NA,-32.30717717030053,PC1,0.07697441659200832,-1.6220581412236315
1.6540001887977678,NA,-31.074608304652372,PC1,-0.06482683570429221,-1.2814573040698194
2.282186276294885,NA,-32.3650748324045,PC1,-2.281288099492358,-1.0959823549103276
1.7222997239170559,NA,-33.52856446831698,PC1,-0.4312300680096932,-1.9597271936437928
2.0047657357156408,NA,-30.678989237915083,PC1,-1.6068314848644862,-1.166758119991809
2.2296762923406237,NA,-30.894012399080196,PC1,-0.23030987578769305,-1.6429558742186847
1.812511119266734,NA,-30.53535634652877,PC1,-1.0881274043855274,-0.8959065446773126
2.3251688387812735,NA,-31.009192900200166,PC1,-0.14344912082293873,-1.7064208871906124
2.6108685331665025,NA,-32.46281340416468,PC1,-0.27475565562800075,-1.247277060191572
2.481056498421088,NA,-35.01556520944636,PC1,0.574723088314985,-1.49653119343907
2.1085032553581504,NA,-30.56707703374999,PC1,-0.3037484033709325,-1.4855904891549379
1.8003491248569223,NA,-30.16121295879966,PC1,-0.4498719603864056,-1.218262481862455
1.3471794327184674,NA,-31.18562431495161,PC1,-0.45041531006567825,-0.6789312251747645
2.4807776929084797,NA,-31.841411077516618,PC1,-1.8167298686552809,-1.356022012710333
2.172344540114395,NA,-30.78947352382291,PC1,-0.5204543916283236,-0.909172732894203
2.6801167076569046,NA,-33.533214554286374,PC1,-0.08312734134666011,-1.354405908919331
1.7931664568908958,NA,-30.88341406215664,PC1,-0.4829167450576757,-0.5545541989917269
2.0802743658012592,NA,-31.763027850633602,PC1,-2.2468587540554377,-0.6921717567055634
2.3650242799050307,NA,-31.664216847878578,PC1,-0.22711852043771108,-1.811472633885866
1.8596279729586032,NA,-30.753104845360458,PC1,-0.5149059231904718,-1.569486433446167
1.9482000839046618,NA,-30.607645464885724,PC1,-1.603135210408599,-0.4816197302900502
2.1788429551375192,NA,-31.544776095755726,PC1,-0.8602077805990622,-0.5706188821940006
2.1172083920049185,NA,-30.47582812235233,PC1,-1.7051841984589284,-0.8898023834440132
1.1670717395038017,NA,-33.73876462749035,PC1,-1.4941347815531063,-0.8174447462017416
1.9610351322367787,NA,-31.859895124578614,PC1,-0.6983307478394691,-0.45023126160012067
1.8130330643013348,NA,-32.01305179794595,PC1,-0.10896538674831191,-1.264075797057984
2.382916424262712,NA,-30.360253671104648,PC1,-0.9968791122202434,-1.1708796456178594
1.8590226094260758,NA,-30.418047063360135,PC1,-0.625991947146014,-1.24495544936479
2.120341098044898,NA,-30.14345194555665,PC1,-1.14139469561528,-1.353203694353966
1.9556078371643084,NA,-31.570893248342195,PC1,0.22877844701498296,-1.4776079903672172
2.208001029489311,NA,-30.932430810276983,PC1,-0.31747697996032304,-1.4865006829571776
1.8148701215751422,NA,-30.255955864291185,PC1,-1.1529581244948708,-0.9616835049676952
1.8594417222605866,NA,-31.09566264153183,PC1,-1.741606398863971,-0.19660811066058884
2.6909388700007844,NA,-32.13530797371516,PC1,-1.3102275884132693,-2.0435993128574856
1.8091601480560284,NA,-30.619759254842265,PC1,-1.3951519665650527,-0.5832050122587603
1.8961822743683678,NA,-30.371279809503303,PC1,-0.8908651790093126,-1.3948710480546598
1.9458350336792647,NA,-29.921686622369954,PC1,-1.3524120590713786,-0.8576006973899738
2.2151571099713134,NA,-31.462417442441428,PC1,-1.0575820381934702,-0.8995172794159039
1.3606773669381929,NA,-35.86489977031156,PC1,-1.3286281806222213,-0.73959574458625
2.193807808169667,NA,-30.38217282701046,PC1,-1.1475005921297132,-1.3573608755960427
2.3999888324373404,NA,-32.367102681313746,PC1,-1.0612055295629659,-1.8076398697768248
2.8619159267240617,NA,-31.696139048772054,PC1,-1.0566992308348926,-1.9809307687005089
1.8913909556050612,NA,-30.3172441323103,PC1,-0.5496513319724464,-0.7742840088988436
2.3283630930540857,NA,-31.508227194937962,PC1,-1.5555566886572492,-0.9715394021657868
1.5723412281923446,NA,-31.13347426430732,PC1,-1.296349360522068,-0.7860129463544809
2.206918450099103,NA,-30.348389104472894,PC1,-1.1800948144074095,-0.927732320201489
2.3938548388812992,NA,-30.9508045550258,PC1,-0.3716343469270396,-1.8995155756644924
1.9614212134397848,NA,-29.93597460949196,PC1,-0.885081849981096,-1.106380700127488
1.8212456562038701,NA,-30.095919353231942,PC1,-1.074494093592888,-1.053241874528111
1.920028818920979,NA,-30.642872661312616,PC1,-1.443850647944902,-0.9965499795922692
1.9218231651236524,NA,-32.514660055594916,PC1,-1.4011576270138666,-0.9820476630091224
1.544931262340191,NA,-31.862681704791864,PC1,-0.1947550263372682,-1.4830194700323565
2.5540385534036503,NA,-32.61758609691355,PC1,-1.2010645509379625,-0.934808889546878
1.6096393712943622,NA,-30.66100832081601,PC1,-1.2222513967553914,-0.3006735162619251
1.4454718459317943,NA,-31.505936255848084,PC1,-1.2962037942220255,-0.4686943378007644
1.6543260961592072,NA,-30.44780362637769,PC1,-1.080678119140316,-0.7015508749245052
2.389072722528359,NA,-31.875188331780645,PC1,-2.013976163961859,-1.3810481464612292
2.3643209555416083,NA,-30.818657938064426,PC1,-1.4590803935256513,-0.9823822385284873
2.0536747233068615,NA,-31.359705011421074,PC1,-0.3462867515331136,-1.9026870560858038
1.8819119330351097,NA,-32.38879026201516,PC1,-2.0721938715992008,-0.7697878592315617
1.5365773240626028,NA,-31.233843484325778,PC1,-1.246991672216375,-0.9971201649597043
2.4684757632592387,NA,-34.0696476307001,PC1,-0.4599217808265177,-2.373185056363339
2.0412208297229824,NA,-32.80753759770335,PC1,0.03644545216318251,-0.8040945674986213
2.209739367998149,NA,-31.144427790299055,PC1,-0.7044296626308193,-1.622377077483505
1.826313201850131,NA,-31.26594323864724,PC1,-1.6905787022683527,-0.7938565978545418
2.1459325305159083,NA,-33.03627048202773,PC1,-1.0287831336660933,-0.6871079029069216
2.129331445939729,NA,-30.80292523284179,PC1,-0.12271060144496718,-1.498001930511264
2.1152958519118727,NA,-31.648010181857966,PC1,0.13817256591133706,-1.8533824674146206
2.4533840356806205,NA,-31.714851191615512,PC1,-1.6007767653882141,-1.1166810432360144
2.185312387828506,NA,-31.487674084740952,PC1,-2.091663651436707,-0.8676100891808123
1.7462973636143595,NA,-30.583080425004155,PC1,-1.1212474663711636,-0.3349919695608804
1.8728216360629761,NA,-30.206592529073333,PC1,-0.4287228632880597,-1.318121382501152
1.8973590093327626,NA,-31.640302458082456,PC1,-0.443404821476043,-1.16221468174349
2.560105021594229,NA,-32.77302997879349,PC1,-2.0544003625057257,-1.6754807124834337
2.4393713671483255,NA,-31.436730015622228,PC1,-0.47932192286939057,-1.606134527586013
2.709130881276304,NA,-33.36178810299838,PC1,-0.037711990326078526,-2.128126531648707
2.0932370130244227,NA,-33.25307318101985,PC1,-1.0033012381122157,-0.6721190526829552
2.3863221277651703,NA,-30.388466672831797,PC1,-1.314721723413566,-1.4463565414665862
0.7083142162480378,NA,-36.62637454922104,PC1,-0.8185727121113421,0.6262911908228848
1.6768148469943096,NA,-32.76429244060612,PC1,-2.072650142435955,-0.5636039093578974
1.7732600807760033,NA,-31.264618042109824,PC1,-1.2595235476633007,-0.4908748598311153
1.6774394857560657,NA,-32.05743085922434,PC1,-0.958938368952001,-0.49425083622129673
1.7796331371495646,NA,-30.508217061489717,PC1,-0.3704619277970368,-1.3851915257203469
2.3179262229813236,NA,-30.603014622941448,PC1,-1.0099572835137938,-1.7002911247512846
2.1626203196930875,NA,-30.4799265007373,PC1,-1.111559104877101,-0.9966411280124279
2.286422119527312,NA,-30.797161967726474,PC1,-1.386472724593637,-0.6684162110900558
1.739972654943858,NA,-35.325192239222794,PC1,0.037773103977953054,-2.1102145422415997
2.0372314062616814,NA,-31.214819460512338,PC1,-1.393210644272056,-0.2841457454284447
1.4216072641751087,NA,-31.883256228468543,PC1,-1.1219213798025351,-0.735084935197647
1.4719177500845866,NA,-30.81282908432095,PC1,-0.4321291038915457,-0.674464543910086
2.206114989997202,NA,-31.262480480573885,PC1,-1.0910193995021018,-0.5328924521186802
1.820603326460306,NA,-30.246178097482776,PC1,-1.3791433799326607,-0.9975002729403716
1.9415784779914702,NA,-31.760190336330407,PC1,0.0025649947836376974,-0.8782573074471494
1.8084691043452361,NA,-30.661639707459823,PC1,-1.0083217664696777,-0.6092129485864599
2.1383519094593177,NA,-31.705232942953515,PC1,-1.503800939234575,-1.63748593061555
2.749711846284511,NA,-31.99908298798837,PC1,-1.2618808442136153,-1.0376560690369674
2.163555848763318,NA,-29.898543304794103,PC1,-0.8894377261216423,-1.0650220730170905
1.769705855410183,NA,-31.622456527023086,PC1,-0.5410827031820118,-1.7001081848037787
2.5044130964717777,NA,-35.799774418569875,PC1,-0.8968074556427095,-1.4480166450900576
1.735776182181709,NA,-31.655143053618687,PC1,-1.2541487176768513,-1.3265066103630758
2.7471317396267008,NA,-31.66414244914744,PC1,-0.5755607018631638,-1.6305457989914238
1.9833474750219902,NA,-33.13334636153973,PC1,-0.3231909022725321,-1.5843128623770024
1.7553621536346116,NA,-31.736918277400623,PC1,-0.014056881447657016,-1.0875014933222606
1.518603539539407,NA,-30.85256256725077,PC1,-1.3742134576654896,-0.7310433894023962
1.8837681140925338,NA,-33.043274682043716,PC1,-1.5837150311607218,0.2970038684532776
2.7360923360585656,NA,-33.144225169978334,PC1,-1.486086399906486,-0.6322556057982314
2.163606168709954,NA,-33.4613515084793,PC1,-2.6775306553356586,-0.6106208275455114
2.5133484551289347,NA,-31.661241274122897,PC1,-0.20778313276671762,-1.799536461358914
2.340140492704681,NA,-30.224362278414745,PC1,-0.7063613305050289,-1.5640359144205178
1.600088062681077,NA,-32.39902423122616,PC1,-1.9036721947243662,0.11961437761234547
2.1159776842513915,NA,-31.477363273750395,PC1,-1.8376710669158285,-0.2826704640147075
1.6203615847274366,NA,-32.99066538772391,PC1,0.3742518087417347,-1.2940462491708977
2.2862038261656554,NA,-31.745890907648246,PC1,-0.06192032489805342,-1.7910925297540765
2.1809781831651263,NA,-30.54629065315729,PC1,-0.7334943069073823,-1.2918056035602308
2.457734207978085,NA,-30.851299081971476,PC1,-1.4661521446582617,-1.4742711346338995
2.1346679486701383,NA,-30.400610866638264,PC1,-1.1454384468638075,-1.2129744023581117
2.0286632092597987,NA,-30.24480929024421,PC1,-1.0442358779672913,-0.7279044956996348
1.5959390743200528,NA,-33.79494228779434,PC1,0.5166816432565776,-1.7178358947905488
2.6278907622414613,NA,-32.165249060744344,PC1,-1.327018833123726,-1.1434582647135758
2.307297636763951,NA,-36.12753591589841,PC1,-0.3617022598230479,-1.8122336741225207
2.7305779615005235,NA,-33.956625815952016,PC1,-1.2062132121264715,-0.6394380582863091
2.76921353069424,NA,-32.56881628150892,PC1,-0.6859357564584341,-1.337783550263581
2.600457347138623,NA,-30.671366318820137,PC1,-1.1921036130185616,-1.389643613590606
2.1143305728808666,NA,-30.437388929308455,PC1,-1.1044211722609811,-1.2054649703230886
2.0572693167308085,NA,-32.05297862402531,PC1,-2.0230758015212653,-0.14979033694415672
1.7113721127289883,NA,-30.557771892750665,PC1,-0.9016137714001048,-0.9272949538957667
1.9915077482937955,NA,-31.122450718731187,PC1,-1.3363114258220197,-0.8142933573976292
1.4082680654932211,NA,-33.91478242008153,PC1,-1.3635402412725326,-0.09939230235888802
1.622951025141511,NA,-32.157402584281186,PC1,-2.091327470527753,-0.467692348528565
2.718321953381097,NA,-31.80537174996939,PC1,-0.349640115136578,-1.6824073775375858
1.7959753166125854,NA,-30.403223785389915,PC1,-1.1280780052908623,-0.9246176432236942
1.6363742120815528,NA,-30.951378148085965,PC1,-0.7817543477947559,-0.32665146026750624
2.42486717129834,NA,-32.59831811925534,PC1,-2.1794989699902247,-1.3903977531062135
2.700130981913201,NA,-31.187117626253162,PC1,-0.6627352083642251,-1.887863891780393
2.521815256364897,NA,-31.870614296021497,PC1,-0.6209019593021171,-1.708105475128016
2.4751041958307063,NA,-31.144591167324425,PC1,-0.6028112132843076,-1.1653569968351696
2.170284992025437,NA,-29.910271593847593,PC1,-1.0800353939220755,-1.0605333832704489
2.1319829554616505,NA,-31.24642220550525,PC1,-2.0001366360563093,-0.5151725458336449
2.2230277463424364,NA,-30.722619628448253,PC1,-0.9782837331744216,-0.7021669296291065
3.2303995399979795,NA,-35.62878308514603,PC1,-1.8451797272753352,-2.101606986165063
1.9196005663841393,NA,-30.85048122886396,PC1,-1.256702663222113,-0.6684158133202543
2.795899862793931,NA,-32.378174294430984,PC1,-1.7829371645041734,-0.919511095578841
2.0326808912415926,NA,-31.445417702174712,PC1,-0.21288131904232976,-0.7973911646752655
2.2512072615807757,NA,-30.346798787456706,PC1,-0.5394752967373904,-1.588205583927446
2.200754731016956,NA,-30.657147118004136,PC1,-0.9101205696814825,-1.5655086707202586
2.4541774688452653,NA,-31.32679504225168,PC1,-1.1431715162609946,-0.7635623430778931
2.3782678232949896,NA,-30.8500214830784,PC1,-1.066888415890574,-0.8319007716113455
1.4086755803840392,NA,-31.676949116750055,PC1,-0.27509003226656015,-0.6628874405740057
2.1070306147600197,NA,-32.66054388671724,PC1,-1.3396158122673743,-0.1104156257117278
1.186043217123005,NA,-33.79393629468965,PC1,-0.39035640904227886,0.18799103534923672
2.1536116170272943,NA,-31.280900638511046,PC1,-0.19922232363511921,-1.4661974225286436
2.23162985676764,NA,-31.285680894769815,PC1,-2.0192751373287265,-0.6597904609059282
1.076179660038682,NA,-33.333602965275034,PC1,-0.6864036278580382,0.08191468465394423
2.7105820958906564,NA,-31.738839987192705,PC1,-1.6996259760056092,-1.3650047678903794
2.596357479947838,NA,-33.0832967283644,PC1,0.32058658966957376,-2.128092979291649
2.1455031658423955,NA,-32.05848613789608,PC1,-0.6940247039753893,-0.43396561133338524
1.700890047107715,NA,-30.867522704292192,PC1,-1.698574004717061,-0.6884992477160312
2.0877396747206824,NA,-31.154095794855383,PC1,-0.3681631686851512,-1.716614816412015
2.59515151053108,NA,-32.147090587916786,PC1,-0.055226271231509826,-1.9942464996655629
2.0269826643115465,NA,-31.235700312741344,PC1,-1.9257762553770987,-0.34745302669310973
1.451920397826301,NA,-33.06074142802681,PC1,0.005249858659486101,-0.8088889462380887
1.9799122391857549,NA,-34.32223553133135,PC1,0.5723770926068226,-2.2950319728362247
1.9188608096908528,NA,-31.200729120453534,PC1,-1.909819926208785,-0.928627475036407
1.8272061355226508,NA,-31.464492528180156,PC1,-0.5514170545155415,-0.3786058110508399
2.2051786491551364,NA,-31.165664211248764,PC1,-1.686204902546788,-0.7417508707768042
3.041143347800364,NA,-32.38232665595213,PC1,-1.063409377775059,-1.6236556846321393
3.409482502242724,NA,-34.60129246991958,PC1,-1.6180754828637225,-1.4971219452718356
2.2978869182489694,NA,-30.276073595712536,PC1,-1.410036878768249,-1.2275522536112624
1.6131680117404796,NA,-31.527156587488566,PC1,-0.24416960621549422,-0.6126494949954736
1.5788282771525632,NA,-32.102294652957625,PC1,-0.6458153395633972,-1.5363921519512191
2.1468486791084613,NA,-30.92379514799752,PC1,-1.5757442943174143,-1.3067126540959113
1.8553049053984962,NA,-30.303123006410495,PC1,-1.0498676299479994,-0.5483974722629859
2.6002742993270505,NA,-33.011411428970995,PC1,0.06628597073493983,-1.4635785648626833
1.9021207160004605,NA,-32.14287040842689,PC1,-0.9711619354005261,-0.5810258627938835
2.469236663650596,NA,-31.288901920323667,PC1,-0.7819711866085004,-1.6105226653921223
2.3047737457538044,NA,-31.789074114417613,PC1,-1.2475032708029423,-1.131490600120615
1.9717015334312666,NA,-33.046329127249756,PC1,0.6554021948152455,-1.5949230322924624
2.2146046247766558,NA,-32.68449457930238,PC1,-0.549814473631045,-1.409844514450665
2.1182967765576306,NA,-35.028792848035245,PC1,-1.0898041108501673,0.13365914483924862
1.7040626557023302,NA,-30.436818700377135,PC1,-1.5021146632255764,-0.6296220586837007
2.2096791270771785,NA,-32.23753081756314,PC1,0.292284811088781,-1.902186037364874
2.078447540285852,NA,-31.92140686814945,PC1,-1.851064894552498,-1.0855292366756737
1.721374610116222,NA,-32.00356521184604,PC1,-1.641398042966713,-0.29402958075337476
2.5954011542468516,NA,-31.650637478988305,PC1,-0.556321223618887,-1.6259897272532717
1.9002376502859242,NA,-31.23977052252205,PC1,-1.3600905751241912,-0.19181731889584042
2.43515135965973,NA,-31.25414442606996,PC1,-0.5321427091443471,-1.1889570414579698
1.9006415066842024,NA,-29.784549514852678,PC1,-0.9920119794185785,-0.8696350335111883
1.8105984049183248,NA,-30.11684469990204,PC1,-0.5171750805779503,-0.9363806360472822
1.4702894105801352,NA,-31.03291345330252,PC1,-1.5219901057461758,-0.27269946418018676
1.870325033287062,NA,-30.086819193323066,PC1,-1.11678660886558,-0.8009332353903583
1.740421458068834,NA,-33.66616702496605,PC1,-1.889612572753845,-0.9379313643025635
1.5945738375699459,NA,-31.249146424143493,PC1,-1.3625981234878501,-0.9541684753656687
1.0996190551521061,NA,-32.91425453689778,PC1,-0.5463667099621197,-0.6857593269612011
1.9156981031998992,NA,-30.101238733095187,PC1,-0.9436980542830888,-0.7936009249633369
1.9040140652589022,NA,-32.631405370692654,PC1,0.39254756163862015,-1.5581875371059497
2.0669606397506324,NA,-31.382444668666007,PC1,-1.9972113673112117,-1.0378274083269692
1.6929013055626314,NA,-30.858348923669414,PC1,-0.2696572554082209,-1.227977905416297
2.466698539219041,NA,-31.91829640716553,PC1,-1.665375173106448,-1.1526768207650413
1.5143606293664258,NA,-32.192243357910655,PC1,-1.3093910392276538,0.15163538267524312
2.217786410672028,NA,-31.470507420668916,PC1,-2.1030640556000106,-0.5712488677844032
1.5448308267271371,NA,-30.937886015994977,PC1,-1.0192443147481236,-0.580922276327838
2.075572002471744,NA,-32.39958165424612,PC1,-0.8051602475407944,-0.2602490873497034
2.4208942445465653,NA,-30.33877907184308,PC1,-0.9580402913762709,-1.6138133198943294
1.6889114064789934,NA,-31.252539808954698,PC1,-1.4260501083297994,-0.8800940102097046
2.394936108483948,NA,-33.96801474306778,PC1,-1.9080439149995718,-1.9770609719840644
2.0381393780399057,NA,-36.69420542596555,PC1,-3.2532010999210668,-0.4878285630075403
1.655941076268246,NA,-33.75700065437387,PC1,-1.5132845197072866,-0.12735130961949703
1.6257119902476036,NA,-32.06471831100198,PC1,-0.6265483043724682,-0.5645265261059559
1.1106796159100463,NA,-32.508729121365555,PC1,-1.2265582997127082,-0.34305782848195066
2.047916745353062,NA,-30.08742204416869,PC1,-1.355871068017183,-1.0563573619502673
1.754580464671263,NA,-32.13303471095774,PC1,-1.2706083559440853,-0.9688681318699189
2.019857992407531,NA,-30.11127315554488,PC1,-1.082631396925302,-1.0108436806033485
2.9876639535025644,NA,-32.487472760239875,PC1,-1.7611004743360077,-1.3965732438336655
2.1565538259697434,NA,-32.03108163664489,PC1,0.24467837155084377,-1.459967096841662
1.4332119564316348,NA,-30.621021523552027,PC1,-0.8821268776682627,-0.6839383374405735
2.565988727738865,NA,-33.6895976034343,PC1,-0.04142713998924513,-1.4951897967259238
2.161766056805794,NA,-30.70575531169048,PC1,-0.6433281472187172,-1.4171092791026614
1.444891379880022,NA,-33.68422672974822,PC1,-1.0721043569553772,-0.4365989283731482
2.194035294557566,NA,-30.32668504518961,PC1,-0.8988207103990234,-1.6019697156404222
3.2635628934340533,NA,-33.92521051681578,PC1,-1.6616767437424806,-1.4377001625773087
1.9112512383068858,NA,-30.246585518689006,PC1,-0.8809033287085215,-1.1128685410713188
1.8823975155547614,NA,-29.904087593335777,PC1,-0.8092301410886733,-0.857553435755618
2.310574701191978,NA,-33.533589765897375,PC1,-0.20913574895139814,-1.9845228932159542
1.8454921948384755,NA,-31.23896663701826,PC1,-0.8855870253937734,-0.738676362077347
2.225798120907908,NA,-30.23214076045137,PC1,-1.4983538444183857,-0.9930189664740597
2.090445297316229,NA,-30.849676002157302,PC1,-0.8109538604573541,-0.6855116021487093
1.973065108408482,NA,-31.46434628522044,PC1,-1.8571459076857082,-1.105948215042438
2.5303145362413897,NA,-31.99052874306482,PC1,-1.2702329816854683,-0.802660537755708
1.93046146820795,NA,-30.06408299295319,PC1,-1.041773902688852,-0.9349216977371835
1.6905882916284969,NA,-32.58262004628014,PC1,-0.5881634592763915,-1.646313759137097
2.464817683350192,NA,-30.969268515188634,PC1,-0.4010644788284015,-1.8491536501360637
1.3434441372125587,NA,-31.550044306514717,PC1,-0.7794591799800942,-0.8134563819586496
2.9198475673756152,NA,-34.849871593643,PC1,-2.3696422217852966,-1.2917425659797541
2.000211961903526,NA,-30.556718287576384,PC1,-0.7876087423619136,-1.5279202373664889
1.951568788044248,NA,-31.35849747355657,PC1,0.18150801149029314,-1.4643797275069823
